25110
25230
25350
25470
25590
25710
25830
25950
26070
26190
26310
26430
26550
26670
26790
26910
27030
27150
27270
27390
27510
27630
27750
27870
27990
28110
28230
28350
28470
28590
28710
28830
28950
29070
29190
29310
29430
29550
29670
29790
29910
30030
30150
30270
30390
30510
30630
30750
30870
30990
31110
31230
31350
31470
31590
31710
31830
31950
32070
32160
32280
32385
32485
32585
32685
32785
32885
32985
33085
33185
33285
33385
33485
33585
33685
33785
33885
33985
34085
34185
34285
34385
34485
34585
34685
34785
34885
34985
35085
35185
35285
35385
35485
35585
35685
35785
35885
35985
36085
36185
36285
36385
36485
36585
36685
36785
36885
36985
37085
37185
37285
37385
37485
37585
37685
37785
37885
37985
38085
38185
38285
38385
38485
38585
38685
38785
38885
38985
39085
39185
39285
39385
39485
39585
39685
39785
39885
39985
40085
40185
40285
40385
40485
40585
40685
40785
40885
40985
41085
41185
41285
41385
41485
41585
41685
41785
41885
41985
42085
42185
42285
42385
42485
42585
42685
42785
42885
42985
43085
43185
43285
43385
43485
43585
43685
43785
43885
43985
44085