1	-1	-1	-1	-1	-1	7	0	59	-1	-1	1	3
2	-1	-1	-1	-1	-1	7	1	0	-1	-1	1	1
3	-1	-1	-1	-1	-1	7	1	4	-1	-1	1	2
4	-1	-1	-1	-1	-1	7	1	5	-1	-1	1	1
5	-1	-1	-1	-1	-1	7	1	9	-1	-1	1	3
6	-1	-1	-1	-1	-1	7	1	9	-1	-1	1	2
7	-1	-1	-1	-1	-1	7	1	12	-1	-1	1	3
8	-1	-1	-1	-1	-1	7	1	13	-1	-1	1	2
9	-1	-1	-1	-1	-1	7	1	15	-1	-1	1	1
10	-1	-1	-1	-1	-1	7	1	16	-1	-1	1	2
11	-1	-1	-1	-1	-1	7	1	18	-1	-1	1	2
12	-1	-1	-1	-1	-1	7	2	13	-1	-1	1	3
13	-1	-1	-1	-1	-1	7	3	5	-1	-1	1	2
14	-1	-1	-1	-1	-1	7	3	8	-1	-1	1	2
15	-1	-1	-1	-1	-1	7	3	10	-1	-1	1	3
16	25326	66	7	2	6	7	3	12	1	3	1	2
17	-1	-1	-1	-1	-1	7	3	15	-1	-1	1	2
18	-1	-1	-1	-1	-1	7	3	17	-1	-1	1	2
19	-1	-1	-1	-1	-1	7	3	20	-1	-1	1	2
20	-1	-1	-1	-1	-1	7	3	29	-1	-1	1	2
21	-1	-1	-1	-1	-1	7	3	41	-1	-1	1	2
22	-1	-1	-1	-1	-1	7	3	46	-1	-1	1	2
23	-1	-1	-1	-1	-1	7	4	17	-1	-1	1	3
24	-1	-1	-1	-1	-1	7	4	25	-1	-1	1	3
25	-1	-1	-1	-1	-1	7	4	29	-1	-1	1	1
26	-1	-1	-1	-1	-1	7	4	48	-1	-1	1	2
27	-1	-1	-1	-1	-1	7	4	48	-1	-1	1	3
28	-1	-1	-1	-1	-1	7	4	52	-1	-1	1	3
29	-1	-1	-1	-1	-1	7	4	52	-1	-1	1	2
30	-1	-1	-1	-1	-1	7	4	57	-1	-1	1	2
31	-1	-1	-1	-1	-1	7	5	10	-1	-1	1	3
32	-1	-1	-1	-1	-1	7	5	15	-1	-1	1	2
33	-1	-1	-1	-1	-1	7	5	22	-1	-1	1	2
34	-1	-1	-1	-1	-1	7	6	6	-1	-1	1	2
35	-1	-1	-1	-1	-1	7	6	9	-1	-1	1	3
36	-1	-1	-1	-1	-1	7	6	18	-1	-1	1	3
37	-1	-1	-1	-1	-1	7	6	25	-1	-1	1	3
38	-1	-1	-1	-1	-1	7	6	39	-1	-1	1	3
39	-1	-1	-1	-1	-1	7	6	43	-1	-1	1	3
40	-1	-1	-1	-1	-1	7	6	46	-1	-1	1	2
41	-1	-1	-1	-1	-1	7	6	46	-1	-1	1	3
42	-1	-1	-1	-1	-1	7	6	50	-1	-1	1	2
43	-1	-1	-1	-1	-1	7	6	51	-1	-1	1	1
44	-1	-1	-1	-1	-1	7	6	51	-1	-1	1	3
45	-1	-1	-1	-1	-1	7	6	53	-1	-1	1	3
46	25546	68	7	5	46	7	6	54	1	3	1	2
47	-1	-1	-1	-1	-1	7	6	56	-1	-1	1	3
48	-1	-1	-1	-1	-1	7	6	57	-1	-1	1	2
49	-1	-1	-1	-1	-1	7	6	58	-1	-1	1	3
50	-1	-1	-1	-1	-1	7	7	0	-1	-1	1	2
51	-1	-1	-1	-1	-1	7	7	1	-1	-1	1	2
52	-1	-1	-1	-1	-1	7	7	1	-1	-1	1	3
53	-1	-1	-1	-1	-1	7	7	3	-1	-1	1	2
54	-1	-1	-1	-1	-1	7	7	4	-1	-1	1	1
55	-1	-1	-1	-1	-1	7	7	7	-1	-1	1	2
56	-1	-1	-1	-1	-1	7	7	7	-1	-1	1	3
57	-1	-1	-1	-1	-1	7	7	8	-1	-1	1	2
58	-1	-1	-1	-1	-1	7	7	11	-1	-1	1	2
59	-1	-1	-1	-1	-1	7	7	14	-1	-1	1	2
60	-1	-1	-1	-1	-1	7	7	18	-1	-1	1	3
61	-1	-1	-1	-1	-1	7	7	24	-1	-1	1	2
62	-1	-1	-1	-1	-1	7	7	37	-1	-1	1	2
63	-1	-1	-1	-1	-1	7	7	40	-1	-1	1	1
64	-1	-1	-1	-1	-1	7	8	17	-1	-1	1	3
65	-1	-1	-1	-1	-1	7	8	37	-1	-1	1	3
66	-1	-1	-1	-1	-1	7	8	37	-1	-1	1	2
67	-1	-1	-1	-1	-1	7	8	43	-1	-1	1	3
68	-1	-1	-1	-1	-1	7	8	47	-1	-1	1	3
69	-1	-1	-1	-1	-1	7	8	51	-1	-1	1	2
70	-1	-1	-1	-1	-1	7	8	51	-1	-1	1	3
71	-1	-1	-1	-1	-1	7	8	52	-1	-1	1	2
72	-1	-1	-1	-1	-1	7	8	52	-1	-1	1	1
73	-1	-1	-1	-1	-1	7	8	53	-1	-1	1	3
74	-1	-1	-1	-1	-1	7	8	57	-1	-1	1	2
75	-1	-1	-1	-1	-1	7	9	18	-1	-1	1	2
76	-1	-1	-1	-1	-1	7	9	21	-1	-1	1	2
77	-1	-1	-1	-1	-1	7	9	27	-1	-1	1	3
78	-1	-1	-1	-1	-1	7	9	39	-1	-1	1	2
79	-1	-1	-1	-1	-1	7	10	11	-1	-1	1	2
80	-1	-1	-1	-1	-1	7	10	16	-1	-1	1	3
81	-1	-1	-1	-1	-1	7	10	19	-1	-1	1	3
82	-1	-1	-1	-1	-1	7	10	25	-1	-1	1	3
83	-1	-1	-1	-1	-1	7	10	29	-1	-1	1	3
84	-1	-1	-1	-1	-1	7	10	32	-1	-1	1	3
85	-1	-1	-1	-1	-1	7	10	42	-1	-1	1	3
86	-1	-1	-1	-1	-1	7	10	50	-1	-1	1	2
87	-1	-1	-1	-1	-1	7	10	51	-1	-1	1	3
88	-1	-1	-1	-1	-1	7	10	53	-1	-1	1	2
89	-1	-1	-1	-1	-1	7	10	53	-1	-1	1	3
90	-1	-1	-1	-1	-1	7	10	55	-1	-1	1	3
91	-1	-1	-1	-1	-1	7	10	56	-1	-1	1	2
92	-1	-1	-1	-1	-1	7	10	59	-1	-1	1	2
93	-1	-1	-1	-1	-1	7	10	59	-1	-1	1	3
94	-1	-1	-1	-1	-1	7	11	2	-1	-1	1	3
95	-1	-1	-1	-1	-1	7	11	2	-1	-1	1	2
96	-1	-1	-1	-1	-1	7	11	3	-1	-1	1	1
97	-1	-1	-1	-1	-1	7	11	4	-1	-1	1	2
98	-1	-1	-1	-1	-1	7	11	6	-1	-1	1	3
99	-1	-1	-1	-1	-1	7	11	20	-1	-1	1	2
100	-1	-1	-1	-1	-1	7	11	24	-1	-1	1	3
101	-1	-1	-1	-1	-1	7	11	37	-1	-1	1	2
102	-1	-1	-1	-1	-1	7	12	9	-1	-1	1	2
103	-1	-1	-1	-1	-1	7	12	11	-1	-1	1	3
104	-1	-1	-1	-1	-1	7	12	53	-1	-1	1	2
105	-1	-1	-1	-1	-1	7	12	58	-1	-1	1	2
106	-1	-1	-1	-1	-1	7	12	59	-1	-1	1	1
107	-1	-1	-1	-1	-1	7	13	1	-1	-1	1	2
108	-1	-1	-1	-1	-1	7	13	3	-1	-1	1	2
109	-1	-1	-1	-1	-1	7	13	4	-1	-1	1	2
110	-1	-1	-1	-1	-1	7	13	7	-1	-1	1	3
111	-1	-1	-1	-1	-1	7	13	8	-1	-1	1	2
112	-1	-1	-1	-1	-1	7	13	11	-1	-1	1	3
113	-1	-1	-1	-1	-1	7	13	11	-1	-1	1	2
114	-1	-1	-1	-1	-1	7	13	14	-1	-1	1	3
115	-1	-1	-1	-1	-1	7	13	16	-1	-1	1	3
116	-1	-1	-1	-1	-1	7	13	18	-1	-1	1	3
117	-1	-1	-1	-1	-1	7	13	21	-1	-1	1	3
118	-1	-1	-1	-1	-1	7	13	25	-1	-1	1	2
119	-1	-1	-1	-1	-1	7	13	28	-1	-1	1	2
120	-1	-1	-1	-1	-1	7	14	8	-1	-1	1	3
121	-1	-1	-1	-1	-1	7	14	19	-1	-1	1	3
122	-1	-1	-1	-1	-1	7	14	26	-1	-1	1	1
123	-1	-1	-1	-1	-1	7	14	33	-1	-1	1	3
124	-1	-1	-1	-1	-1	7	14	38	-1	-1	1	3
125	-1	-1	-1	-1	-1	7	14	48	-1	-1	1	1
126	-1	-1	-1	-1	-1	7	14	48	-1	-1	1	3
127	-1	-1	-1	-1	-1	7	14	49	-1	-1	1	2
128	26034	56	7	13	54	7	14	50	1	3	1	3
129	-1	-1	-1	-1	-1	7	14	52	-1	-1	1	1
130	-1	-1	-1	-1	-1	7	14	52	-1	-1	1	2
131	-1	-1	-1	-1	-1	7	14	52	-1	-1	1	3
132	-1	-1	-1	-1	-1	7	14	55	-1	-1	1	1
133	25971	124	7	12	51	7	14	55	1	3	1	2
134	-1	-1	-1	-1	-1	7	14	59	-1	-1	1	3
135	-1	-1	-1	-1	-1	7	14	59	-1	-1	1	2
136	-1	-1	-1	-1	-1	7	15	1	-1	-1	1	2
137	-1	-1	-1	-1	-1	7	15	4	-1	-1	1	2
138	-1	-1	-1	-1	-1	7	15	6	-1	-1	1	3
139	-1	-1	-1	-1	-1	7	15	7	-1	-1	1	2
140	-1	-1	-1	-1	-1	7	15	12	-1	-1	1	1
141	-1	-1	-1	-1	-1	7	15	14	-1	-1	1	2
142	-1	-1	-1	-1	-1	7	15	18	-1	-1	1	2
143	-1	-1	-1	-1	-1	7	15	19	-1	-1	1	2
144	-1	-1	-1	-1	-1	7	15	22	-1	-1	1	2
145	-1	-1	-1	-1	-1	7	15	24	-1	-1	1	2
146	-1	-1	-1	-1	-1	7	15	25	-1	-1	1	1
147	-1	-1	-1	-1	-1	7	15	27	-1	-1	1	2
148	-1	-1	-1	-1	-1	7	15	27	-1	-1	1	1
149	-1	-1	-1	-1	-1	7	15	27	-1	-1	1	3
150	-1	-1	-1	-1	-1	7	15	33	-1	-1	1	3
151	-1	-1	-1	-1	-1	7	15	38	-1	-1	1	3
152	-1	-1	-1	-1	-1	7	16	15	-1	-1	1	3
153	-1	-1	-1	-1	-1	7	16	23	-1	-1	1	3
154	-1	-1	-1	-1	-1	7	16	37	-1	-1	1	3
155	-1	-1	-1	-1	-1	7	16	38	-1	-1	1	3
156	-1	-1	-1	-1	-1	7	16	43	-1	-1	1	3
157	-1	-1	-1	-1	-1	7	16	48	-1	-1	1	2
158	-1	-1	-1	-1	-1	7	16	49	-1	-1	1	3
159	-1	-1	-1	-1	-1	7	16	49	-1	-1	1	1
160	-1	-1	-1	-1	-1	7	16	52	-1	-1	1	2
161	-1	-1	-1	-1	-1	7	16	52	-1	-1	1	1
162	-1	-1	-1	-1	-1	7	16	53	-1	-1	1	3
163	-1	-1	-1	-1	-1	7	16	55	-1	-1	1	2
164	-1	-1	-1	-1	-1	7	16	56	-1	-1	1	3
165	-1	-1	-1	-1	-1	7	16	58	-1	-1	1	1
166	-1	-1	-1	-1	-1	7	16	59	-1	-1	1	2
167	-1	-1	-1	-1	-1	7	16	59	-1	-1	1	3
168	-1	-1	-1	-1	-1	7	17	2	-1	-1	1	2
169	-1	-1	-1	-1	-1	7	17	2	-1	-1	1	3
170	-1	-1	-1	-1	-1	7	17	5	-1	-1	1	3
171	26151	74	7	15	51	7	17	5	1	4	1	2
172	-1	-1	-1	-1	-1	7	17	7	-1	-1	1	3
173	-1	-1	-1	-1	-1	7	17	7	-1	-1	1	2
174	-1	-1	-1	-1	-1	7	17	9	-1	-1	1	3
175	-1	-1	-1	-1	-1	7	17	10	-1	-1	1	2
176	-1	-1	-1	-1	-1	7	17	12	-1	-1	1	2
177	-1	-1	-1	-1	-1	7	17	13	-1	-1	1	3
178	-1	-1	-1	-1	-1	7	17	14	-1	-1	1	3
179	-1	-1	-1	-1	-1	7	17	16	-1	-1	1	2
180	-1	-1	-1	-1	-1	7	17	19	-1	-1	1	3
181	-1	-1	-1	-1	-1	7	17	21	-1	-1	1	2
182	-1	-1	-1	-1	-1	7	17	25	-1	-1	1	2
183	-1	-1	-1	-1	-1	7	17	27	-1	-1	1	3
184	-1	-1	-1	-1	-1	7	17	29	-1	-1	1	3
185	-1	-1	-1	-1	-1	7	17	34	-1	-1	1	1
186	-1	-1	-1	-1	-1	7	18	9	-1	-1	1	3
187	-1	-1	-1	-1	-1	7	18	23	-1	-1	1	2
188	-1	-1	-1	-1	-1	7	18	27	-1	-1	1	1
189	-1	-1	-1	-1	-1	7	18	45	-1	-1	1	2
190	-1	-1	-1	-1	-1	7	18	46	-1	-1	1	3
191	-1	-1	-1	-1	-1	7	18	50	-1	-1	1	2
192	-1	-1	-1	-1	-1	7	18	51	-1	-1	1	1
193	26232	101	7	17	12	7	18	53	1	4	1	3
194	-1	-1	-1	-1	-1	7	18	56	-1	-1	1	2
195	-1	-1	-1	-1	-1	7	18	57	-1	-1	1	3
196	-1	-1	-1	-1	-1	7	19	1	-1	-1	1	2
197	-1	-1	-1	-1	-1	7	19	4	-1	-1	1	3
198	-1	-1	-1	-1	-1	7	19	5	-1	-1	1	2
199	-1	-1	-1	-1	-1	7	19	8	-1	-1	1	2
200	-1	-1	-1	-1	-1	7	19	10	-1	-1	1	2
201	-1	-1	-1	-1	-1	7	19	11	-1	-1	1	3
202	-1	-1	-1	-1	-1	7	19	13	-1	-1	1	2
203	-1	-1	-1	-1	-1	7	19	13	-1	-1	1	3
204	-1	-1	-1	-1	-1	7	19	16	-1	-1	1	2
205	-1	-1	-1	-1	-1	7	19	16	-1	-1	1	3
206	-1	-1	-1	-1	-1	7	19	17	-1	-1	1	2
207	-1	-1	-1	-1	-1	7	19	19	-1	-1	1	2
208	-1	-1	-1	-1	-1	7	19	20	-1	-1	1	3
209	-1	-1	-1	-1	-1	7	19	22	-1	-1	1	3
210	-1	-1	-1	-1	-1	7	19	24	-1	-1	1	3
211	-1	-1	-1	-1	-1	7	19	27	-1	-1	1	3
212	-1	-1	-1	-1	-1	7	19	37	-1	-1	1	2
213	-1	-1	-1	-1	-1	7	19	41	-1	-1	1	2
214	-1	-1	-1	-1	-1	7	19	46	-1	-1	1	3
215	-1	-1	-1	-1	-1	7	19	59	-1	-1	1	1
216	-1	-1	-1	-1	-1	7	20	17	-1	-1	1	3
217	-1	-1	-1	-1	-1	7	20	19	-1	-1	1	3
218	-1	-1	-1	-1	-1	7	20	21	-1	-1	1	3
219	-1	-1	-1	-1	-1	7	20	36	-1	-1	1	3
220	-1	-1	-1	-1	-1	7	20	42	-1	-1	1	3
221	-1	-1	-1	-1	-1	7	20	47	-1	-1	1	3
222	-1	-1	-1	-1	-1	7	20	48	-1	-1	1	2
223	-1	-1	-1	-1	-1	7	20	50	-1	-1	1	1
224	-1	-1	-1	-1	-1	7	20	51	-1	-1	1	2
225	-1	-1	-1	-1	-1	7	20	53	-1	-1	1	2
226	-1	-1	-1	-1	-1	7	20	53	-1	-1	1	3
227	-1	-1	-1	-1	-1	7	20	56	-1	-1	1	3
228	-1	-1	-1	-1	-1	7	20	57	-1	-1	1	2
229	-1	-1	-1	-1	-1	7	20	57	-1	-1	1	3
230	-1	-1	-1	-1	-1	7	20	58	-1	-1	1	1
231	26395	64	7	19	55	7	20	59	1	4	1	3
232	-1	-1	-1	-1	-1	7	20	59	-1	-1	1	2
233	-1	-1	-1	-1	-1	7	21	1	-1	-1	1	2
234	-1	-1	-1	-1	-1	7	21	1	-1	-1	1	3
235	-1	-1	-1	-1	-1	7	21	1	-1	-1	1	1
236	-1	-1	-1	-1	-1	7	21	3	-1	-1	1	3
237	-1	-1	-1	-1	-1	7	21	5	-1	-1	1	2
238	-1	-1	-1	-1	-1	7	21	6	-1	-1	1	3
239	-1	-1	-1	-1	-1	7	21	7	-1	-1	1	2
240	-1	-1	-1	-1	-1	7	21	9	-1	-1	1	2
241	-1	-1	-1	-1	-1	7	21	9	-1	-1	1	3
242	-1	-1	-1	-1	-1	7	21	10	-1	-1	1	1
243	-1	-1	-1	-1	-1	7	21	12	-1	-1	1	2
244	-1	-1	-1	-1	-1	7	21	13	-1	-1	1	3
245	-1	-1	-1	-1	-1	7	21	15	-1	-1	1	2
246	-1	-1	-1	-1	-1	7	21	16	-1	-1	1	3
247	-1	-1	-1	-1	-1	7	21	19	-1	-1	1	3
248	-1	-1	-1	-1	-1	7	21	20	-1	-1	1	2
249	-1	-1	-1	-1	-1	7	21	22	-1	-1	1	2
250	-1	-1	-1	-1	-1	7	21	38	-1	-1	1	3
251	-1	-1	-1	-1	-1	7	22	39	-1	-1	1	1
252	-1	-1	-1	-1	-1	7	22	46	-1	-1	1	2
253	-1	-1	-1	-1	-1	7	22	48	-1	-1	1	3
254	26514	57	7	21	54	7	22	51	1	3	1	1
255	-1	-1	-1	-1	-1	7	22	51	-1	-1	1	2
256	-1	-1	-1	-1	-1	7	22	54	-1	-1	1	2
257	26512	63	7	21	52	7	22	55	1	3	1	3
258	-1	-1	-1	-1	-1	7	22	55	-1	-1	1	1
259	-1	-1	-1	-1	-1	7	22	56	-1	-1	1	2
260	-1	-1	-1	-1	-1	7	23	0	-1	-1	1	1
261	-1	-1	-1	-1	-1	7	23	2	-1	-1	1	3
262	-1	-1	-1	-1	-1	7	23	2	-1	-1	1	1
263	-1	-1	-1	-1	-1	7	23	3	-1	-1	1	2
264	-1	-1	-1	-1	-1	7	23	4	-1	-1	1	3
265	-1	-1	-1	-1	-1	7	23	5	-1	-1	1	2
266	-1	-1	-1	-1	-1	7	23	6	-1	-1	1	3
267	-1	-1	-1	-1	-1	7	23	7	-1	-1	1	2
268	-1	-1	-1	-1	-1	7	23	9	-1	-1	1	3
269	-1	-1	-1	-1	-1	7	23	11	-1	-1	1	3
270	-1	-1	-1	-1	-1	7	23	11	-1	-1	1	2
271	-1	-1	-1	-1	-1	7	23	14	-1	-1	1	2
272	-1	-1	-1	-1	-1	7	23	14	-1	-1	1	3
273	-1	-1	-1	-1	-1	7	23	15	-1	-1	1	1
274	-1	-1	-1	-1	-1	7	23	16	-1	-1	1	2
275	-1	-1	-1	-1	-1	7	23	16	-1	-1	1	3
276	-1	-1	-1	-1	-1	7	23	18	-1	-1	1	3
277	-1	-1	-1	-1	-1	7	23	25	-1	-1	1	3
278	-1	-1	-1	-1	-1	7	23	29	-1	-1	1	3
279	-1	-1	-1	-1	-1	7	23	30	-1	-1	1	2
280	-1	-1	-1	-1	-1	7	23	35	-1	-1	1	3
281	-1	-1	-1	-1	-1	7	23	52	-1	-1	1	3
282	-1	-1	-1	-1	-1	7	24	7	-1	-1	1	3
283	-1	-1	-1	-1	-1	7	24	14	-1	-1	1	3
284	-1	-1	-1	-1	-1	7	24	18	-1	-1	1	3
285	-1	-1	-1	-1	-1	7	24	18	-1	-1	1	1
286	-1	-1	-1	-1	-1	7	24	20	-1	-1	1	3
287	-1	-1	-1	-1	-1	7	24	25	-1	-1	1	3
288	-1	-1	-1	-1	-1	7	24	28	-1	-1	1	3
289	-1	-1	-1	-1	-1	7	24	30	-1	-1	1	3
290	-1	-1	-1	-1	-1	7	24	35	-1	-1	1	3
291	-1	-1	-1	-1	-1	7	24	37	-1	-1	1	3
292	-1	-1	-1	-1	-1	7	24	47	-1	-1	1	2
293	26580	110	7	23	0	7	24	50	4	2	1	2
294	-1	-1	-1	-1	-1	7	24	50	-1	-1	1	3
295	-1	-1	-1	-1	-1	7	24	53	-1	-1	1	1
296	-1	-1	-1	-1	-1	7	24	53	-1	-1	1	2
297	-1	-1	-1	-1	-1	7	24	56	-1	-1	1	2
298	-1	-1	-1	-1	-1	7	24	58	-1	-1	1	2
299	-1	-1	-1	-1	-1	7	25	1	-1	-1	1	3
300	26633	68	7	23	53	7	25	1	1	3	1	2
301	-1	-1	-1	-1	-1	7	25	2	-1	-1	1	2
302	-1	-1	-1	-1	-1	7	25	5	-1	-1	1	2
303	-1	-1	-1	-1	-1	7	25	6	-1	-1	1	3
304	-1	-1	-1	-1	-1	7	25	7	-1	-1	1	2
305	-1	-1	-1	-1	-1	7	25	8	-1	-1	1	3
306	-1	-1	-1	-1	-1	7	25	8	-1	-1	1	2
307	-1	-1	-1	-1	-1	7	25	9	-1	-1	1	3
308	-1	-1	-1	-1	-1	7	25	10	-1	-1	1	1
309	-1	-1	-1	-1	-1	7	25	11	-1	-1	1	2
310	-1	-1	-1	-1	-1	7	25	11	-1	-1	1	1
311	-1	-1	-1	-1	-1	7	25	12	-1	-1	1	3
312	-1	-1	-1	-1	-1	7	25	12	-1	-1	1	2
313	-1	-1	-1	-1	-1	7	25	14	-1	-1	1	2
314	26641	73	7	24	1	7	25	14	1	4	1	3
315	26636	81	7	23	56	7	25	17	1	4	1	3
316	-1	-1	-1	-1	-1	7	25	17	-1	-1	1	2
317	-1	-1	-1	-1	-1	7	25	18	-1	-1	1	3
318	26658	64	7	24	18	7	25	22	1	3	1	2
319	-1	-1	-1	-1	-1	7	25	23	-1	-1	1	3
320	-1	-1	-1	-1	-1	7	25	25	-1	-1	1	2
321	-1	-1	-1	-1	-1	7	25	26	-1	-1	1	3
322	-1	-1	-1	-1	-1	7	25	29	-1	-1	1	3
323	-1	-1	-1	-1	-1	7	25	30	-1	-1	1	2
324	-1	-1	-1	-1	-1	7	25	32	-1	-1	1	3
325	-1	-1	-1	-1	-1	7	26	7	-1	-1	1	2
326	-1	-1	-1	-1	-1	7	26	10	-1	-1	1	3
327	-1	-1	-1	-1	-1	7	26	17	-1	-1	1	3
328	-1	-1	-1	-1	-1	7	26	27	-1	-1	1	1
329	-1	-1	-1	-1	-1	7	26	40	-1	-1	1	3
330	-1	-1	-1	-1	-1	7	26	48	-1	-1	1	3
331	-1	-1	-1	-1	-1	7	26	48	-1	-1	1	2
332	-1	-1	-1	-1	-1	7	26	50	-1	-1	1	1
333	-1	-1	-1	-1	-1	7	26	51	-1	-1	1	2
334	-1	-1	-1	-1	-1	7	26	51	-1	-1	1	3
335	-1	-1	-1	-1	-1	7	26	53	-1	-1	1	2
336	26745	69	7	25	45	7	26	54	1	3	1	3
337	-1	-1	-1	-1	-1	7	26	57	-1	-1	1	2
338	26757	61	7	25	57	7	26	58	1	3	1	3
339	-1	-1	-1	-1	-1	7	26	59	-1	-1	1	2
340	-1	-1	-1	-1	-1	7	27	0	-1	-1	1	3
341	-1	-1	-1	-1	-1	7	27	1	-1	-1	1	1
342	26760	61	7	26	0	7	27	1	1	3	1	3
343	26760	64	7	26	0	7	27	4	1	4	1	3
344	-1	-1	-1	-1	-1	7	27	5	-1	-1	1	2
345	26769	57	7	26	9	7	27	6	1	4	1	2
346	-1	-1	-1	-1	-1	7	27	7	-1	-1	1	3
347	26771	57	7	26	11	7	27	8	1	4	1	2
348	-1	-1	-1	-1	-1	7	27	10	-1	-1	1	2
349	26768	63	7	26	8	7	27	11	1	4	1	3
350	-1	-1	-1	-1	-1	7	27	12	-1	-1	1	2
351	-1	-1	-1	-1	-1	7	27	14	-1	-1	1	1
352	-1	-1	-1	-1	-1	7	27	15	-1	-1	1	2
353	-1	-1	-1	-1	-1	7	27	16	-1	-1	1	2
354	-1	-1	-1	-1	-1	7	27	18	-1	-1	1	2
355	-1	-1	-1	-1	-1	7	27	19	-1	-1	1	3
356	-1	-1	-1	-1	-1	7	27	21	-1	-1	1	2
357	-1	-1	-1	-1	-1	7	27	24	-1	-1	1	2
358	-1	-1	-1	-1	-1	7	27	30	-1	-1	1	2
359	26789	63	7	26	29	7	27	32	1	3	1	2
360	-1	-1	-1	-1	-1	7	27	38	-1	-1	1	3
361	-1	-1	-1	-1	-1	7	28	37	-1	-1	1	1
362	-1	-1	-1	-1	-1	7	28	38	-1	-1	1	2
363	-1	-1	-1	-1	-1	7	28	43	-1	-1	1	2
364	-1	-1	-1	-1	-1	7	28	46	-1	-1	1	3
365	-1	-1	-1	-1	-1	7	28	48	-1	-1	1	2
366	-1	-1	-1	-1	-1	7	28	51	-1	-1	1	3
367	-1	-1	-1	-1	-1	7	28	52	-1	-1	1	2
368	26884	51	7	28	4	7	28	55	1	3	1	1
369	26882	53	7	28	2	7	28	55	1	3	1	2
370	-1	-1	-1	-1	-1	7	28	57	-1	-1	1	2
371	-1	-1	-1	-1	-1	7	29	1	-1	-1	1	3
372	26871	71	7	27	51	7	29	2	1	3	1	2
373	-1	-1	-1	-1	-1	7	29	3	-1	-1	1	3
374	-1	-1	-1	-1	-1	7	29	9	-1	-1	1	1
375	-1	-1	-1	-1	-1	7	29	9	-1	-1	1	3
376	-1	-1	-1	-1	-1	7	29	9	-1	-1	1	2
377	-1	-1	-1	-1	-1	7	29	11	-1	-1	1	2
378	26878	74	7	27	58	7	29	12	1	3	1	3
379	-1	-1	-1	-1	-1	7	29	13	-1	-1	1	2
380	-1	-1	-1	-1	-1	7	29	18	-1	-1	1	1
381	26802	156	7	26	42	7	29	18	1	3	1	3
382	-1	-1	-1	-1	-1	7	29	21	-1	-1	1	2
383	-1	-1	-1	-1	-1	7	29	25	-1	-1	1	3
384	-1	-1	-1	-1	-1	7	29	28	-1	-1	1	3
385	-1	-1	-1	-1	-1	7	29	30	-1	-1	1	2
386	-1	-1	-1	-1	-1	7	29	31	-1	-1	1	3
387	-1	-1	-1	-1	-1	7	29	35	-1	-1	1	3
388	-1	-1	-1	-1	-1	7	29	38	-1	-1	1	3
389	-1	-1	-1	-1	-1	7	29	44	-1	-1	1	2
390	-1	-1	-1	-1	-1	7	29	44	-1	-1	1	1
391	-1	-1	-1	-1	-1	7	29	45	-1	-1	1	3
392	-1	-1	-1	-1	-1	7	29	59	-1	-1	1	3
393	-1	-1	-1	-1	-1	7	30	47	-1	-1	1	2
394	-1	-1	-1	-1	-1	7	30	51	-1	-1	1	2
395	-1	-1	-1	-1	-1	7	30	52	-1	-1	1	1
396	-1	-1	-1	-1	-1	7	30	52	-1	-1	1	3
397	-1	-1	-1	-1	-1	7	30	54	-1	-1	1	2
398	-1	-1	-1	-1	-1	7	30	57	-1	-1	1	2
399	26989	68	7	29	49	7	30	57	1	3	1	3
400	-1	-1	-1	-1	-1	7	30	57	-1	-1	1	1
401	-1	-1	-1	-1	-1	7	30	59	-1	-1	1	3
402	26988	72	7	29	48	7	31	0	1	4	1	3
403	-1	-1	-1	-1	-1	7	31	0	-1	-1	1	1
404	26998	63	7	29	58	7	31	1	1	3	1	2
405	-1	-1	-1	-1	-1	7	31	4	-1	-1	1	1
406	-1	-1	-1	-1	-1	7	31	4	-1	-1	1	2
407	-1	-1	-1	-1	-1	7	31	6	-1	-1	1	3
408	-1	-1	-1	-1	-1	7	31	10	-1	-1	1	2
409	-1	-1	-1	-1	-1	7	31	13	-1	-1	1	2
410	-1	-1	-1	-1	-1	7	31	16	-1	-1	1	3
411	-1	-1	-1	-1	-1	7	31	17	-1	-1	1	2
412	-1	-1	-1	-1	-1	7	31	18	-1	-1	1	3
413	-1	-1	-1	-1	-1	7	31	22	-1	-1	1	3
414	-1	-1	-1	-1	-1	7	31	24	-1	-1	1	3
415	27000	88	7	30	0	7	31	28	1	4	1	3
416	-1	-1	-1	-1	-1	7	31	31	-1	-1	1	3
417	27027	67	7	30	27	7	31	34	1	4	1	1
418	-1	-1	-1	-1	-1	7	31	36	-1	-1	1	3
419	-1	-1	-1	-1	-1	7	31	37	-1	-1	1	3
420	27019	82	7	30	19	7	31	41	1	3	1	3
421	-1	-1	-1	-1	-1	7	31	43	-1	-1	1	3
422	-1	-1	-1	-1	-1	7	31	43	-1	-1	1	2
423	-1	-1	-1	-1	-1	7	31	59	-1	-1	1	1
424	-1	-1	-1	-1	-1	7	32	10	-1	-1	1	3
425	-1	-1	-1	-1	-1	7	32	22	-1	-1	1	3
426	-1	-1	-1	-1	-1	7	32	27	-1	-1	1	3
427	27064	86	7	31	4	7	32	30	4	2	1	3
428	-1	-1	-1	-1	-1	7	32	33	-1	-1	1	3
429	-1	-1	-1	-1	-1	7	32	36	-1	-1	1	3
430	-1	-1	-1	-1	-1	7	32	38	-1	-1	1	3
431	-1	-1	-1	-1	-1	7	32	40	-1	-1	1	3
432	-1	-1	-1	-1	-1	7	32	42	-1	-1	1	3
433	-1	-1	-1	-1	-1	7	32	45	-1	-1	1	3
434	-1	-1	-1	-1	-1	7	32	48	-1	-1	1	3
435	-1	-1	-1	-1	-1	7	32	49	-1	-1	1	1
436	-1	-1	-1	-1	-1	7	32	53	-1	-1	1	3
437	-1	-1	-1	-1	-1	7	32	54	-1	-1	1	1
438	-1	-1	-1	-1	-1	7	32	55	-1	-1	1	3
439	-1	-1	-1	-1	-1	7	32	56	-1	-1	1	1
440	-1	-1	-1	-1	-1	7	32	56	-1	-1	1	2
441	-1	-1	-1	-1	-1	7	32	59	-1	-1	1	1
442	-1	-1	-1	-1	-1	7	32	59	-1	-1	1	2
443	-1	-1	-1	-1	-1	7	33	0	-1	-1	1	3
444	-1	-1	-1	-1	-1	7	33	2	-1	-1	1	2
445	-1	-1	-1	-1	-1	7	33	3	-1	-1	1	2
446	-1	-1	-1	-1	-1	7	33	3	-1	-1	1	3
447	-1	-1	-1	-1	-1	7	33	4	-1	-1	1	2
448	-1	-1	-1	-1	-1	7	33	5	-1	-1	1	3
449	27119	67	7	31	59	7	33	6	1	3	1	1
450	-1	-1	-1	-1	-1	7	33	7	-1	-1	1	3
451	-1	-1	-1	-1	-1	7	33	8	-1	-1	1	2
452	27117	72	7	31	57	7	33	9	1	3	1	3
453	-1	-1	-1	-1	-1	7	33	10	-1	-1	1	2
454	-1	-1	-1	-1	-1	7	33	12	-1	-1	1	3
455	27111	81	7	31	51	7	33	12	1	3	1	2
456	-1	-1	-1	-1	-1	7	33	14	-1	-1	1	3
457	-1	-1	-1	-1	-1	7	33	15	-1	-1	1	2
458	27123	73	7	32	3	7	33	16	1	3	1	3
459	27121	76	7	32	1	7	33	17	1	4	1	2
460	-1	-1	-1	-1	-1	7	33	18	-1	-1	1	3
461	-1	-1	-1	-1	-1	7	33	19	-1	-1	1	2
462	-1	-1	-1	-1	-1	7	33	20	-1	-1	1	1
463	-1	-1	-1	-1	-1	7	33	21	-1	-1	1	2
464	27123	79	7	32	3	7	33	22	1	4	1	3
465	-1	-1	-1	-1	-1	7	33	23	-1	-1	1	2
466	27126	78	7	32	6	7	33	24	1	3	1	3
467	27136	68	7	32	16	7	33	24	1	3	1	1
468	-1	-1	-1	-1	-1	7	33	25	-1	-1	1	2
469	-1	-1	-1	-1	-1	7	33	26	-1	-1	1	2
470	27122	85	7	32	2	7	33	27	1	3	1	3
471	27116	92	7	31	56	7	33	28	1	2	1	2
472	-1	-1	-1	-1	-1	7	33	29	-1	-1	1	3
473	-1	-1	-1	-1	-1	7	33	30	-1	-1	1	2
474	27130	81	7	32	10	7	33	31	1	3	1	3
475	27138	74	7	32	18	7	33	32	1	3	1	2
476	27132	81	7	32	12	7	33	33	1	4	1	3
477	-1	-1	-1	-1	-1	7	33	34	-1	-1	1	2
478	-1	-1	-1	-1	-1	7	33	35	-1	-1	1	3
479	-1	-1	-1	-1	-1	7	33	36	-1	-1	1	2
480	-1	-1	-1	-1	-1	7	33	37	-1	-1	1	3
481	-1	-1	-1	-1	-1	7	33	40	-1	-1	1	3
482	-1	-1	-1	-1	-1	7	33	42	-1	-1	1	2
483	-1	-1	-1	-1	-1	7	33	43	-1	-1	1	3
484	-1	-1	-1	-1	-1	7	33	45	-1	-1	1	3
485	-1	-1	-1	-1	-1	7	33	48	-1	-1	1	3
486	-1	-1	-1	-1	-1	7	34	8	-1	-1	1	3
487	-1	-1	-1	-1	-1	7	34	9	-1	-1	1	1
488	-1	-1	-1	-1	-1	7	34	49	-1	-1	1	1
489	-1	-1	-1	-1	-1	7	34	50	-1	-1	1	3
490	-1	-1	-1	-1	-1	7	34	51	-1	-1	1	2
491	27235	57	7	33	55	7	34	52	1	3	1	1
492	-1	-1	-1	-1	-1	7	34	57	-1	-1	1	2
493	-1	-1	-1	-1	-1	7	34	57	-1	-1	1	1
494	-1	-1	-1	-1	-1	7	34	59	-1	-1	1	3
495	-1	-1	-1	-1	-1	7	34	59	-1	-1	1	2
496	-1	-1	-1	-1	-1	7	35	1	-1	-1	1	3
497	-1	-1	-1	-1	-1	7	35	2	-1	-1	1	2
498	27245	58	7	34	5	7	35	3	1	3	1	2
499	-1	-1	-1	-1	-1	7	35	4	-1	-1	1	3
500	27228	77	7	33	48	7	35	5	1	2	1	2
501	-1	-1	-1	-1	-1	7	35	6	-1	-1	1	3
502	-1	-1	-1	-1	-1	7	35	7	-1	-1	1	1
503	-1	-1	-1	-1	-1	7	35	9	-1	-1	1	2
504	-1	-1	-1	-1	-1	7	35	9	-1	-1	1	3
505	27253	57	7	34	13	7	35	10	1	3	1	1
506	27231	79	7	33	51	7	35	10	1	3	1	3
507	27247	65	7	34	7	7	35	12	1	3	1	2
508	-1	-1	-1	-1	-1	7	35	13	-1	-1	1	3
509	27255	58	7	34	15	7	35	13	1	3	1	2
510	27242	73	7	34	2	7	35	15	1	3	1	2
511	-1	-1	-1	-1	-1	7	35	15	-1	-1	1	3
512	-1	-1	-1	-1	-1	7	35	18	-1	-1	1	2
513	-1	-1	-1	-1	-1	7	35	18	-1	-1	1	3
514	-1	-1	-1	-1	-1	7	35	19	-1	-1	1	2
515	-1	-1	-1	-1	-1	7	35	20	-1	-1	1	3
516	-1	-1	-1	-1	-1	7	35	21	-1	-1	1	2
517	27260	62	7	34	20	7	35	22	1	3	1	2
518	27237	85	7	33	57	7	35	22	1	3	1	3
519	27243	81	7	34	3	7	35	24	1	3	1	3
520	-1	-1	-1	-1	-1	7	35	25	-1	-1	1	2
521	-1	-1	-1	-1	-1	7	35	26	-1	-1	1	3
522	-1	-1	-1	-1	-1	7	35	28	-1	-1	1	3
523	-1	-1	-1	-1	-1	7	35	30	-1	-1	1	1
524	-1	-1	-1	-1	-1	7	35	31	-1	-1	1	3
525	-1	-1	-1	-1	-1	7	35	32	-1	-1	1	2
526	-1	-1	-1	-1	-1	7	35	33	-1	-1	1	3
527	27257	80	7	34	17	7	35	37	1	3	1	3
528	-1	-1	-1	-1	-1	7	35	38	-1	-1	1	2
529	-1	-1	-1	-1	-1	7	35	39	-1	-1	1	3
530	-1	-1	-1	-1	-1	7	35	42	-1	-1	1	3
531	-1	-1	-1	-1	-1	7	35	44	-1	-1	1	3
532	-1	-1	-1	-1	-1	7	35	48	-1	-1	1	3
533	27250	101	7	34	10	7	35	51	1	3	1	3
534	-1	-1	-1	-1	-1	7	35	55	-1	-1	1	3
535	-1	-1	-1	-1	-1	7	35	56	-1	-1	1	2
536	-1	-1	-1	-1	-1	7	36	14	-1	-1	1	3
537	-1	-1	-1	-1	-1	7	36	32	-1	-1	1	1
538	-1	-1	-1	-1	-1	7	36	47	-1	-1	1	2
539	-1	-1	-1	-1	-1	7	36	50	-1	-1	1	1
540	-1	-1	-1	-1	-1	7	36	50	-1	-1	1	2
541	-1	-1	-1	-1	-1	7	36	50	-1	-1	1	3
542	-1	-1	-1	-1	-1	7	36	54	-1	-1	1	2
543	-1	-1	-1	-1	-1	7	36	54	-1	-1	1	3
544	27354	60	7	35	54	7	36	54	1	2	1	1
545	-1	-1	-1	-1	-1	7	36	56	-1	-1	1	2
546	-1	-1	-1	-1	-1	7	36	59	-1	-1	1	3
547	-1	-1	-1	-1	-1	7	36	59	-1	-1	1	2
548	27359	62	7	35	59	7	37	1	1	2	1	2
549	27328	93	7	35	28	7	37	1	1	2	1	3
550	-1	-1	-1	-1	-1	7	37	4	-1	-1	1	3
551	-1	-1	-1	-1	-1	7	37	7	-1	-1	1	2
552	-1	-1	-1	-1	-1	7	37	8	-1	-1	1	1
553	-1	-1	-1	-1	-1	7	37	8	-1	-1	1	3
554	27356	73	7	35	56	7	37	9	1	3	1	2
555	-1	-1	-1	-1	-1	7	37	11	-1	-1	1	2
556	27348	83	7	35	48	7	37	11	1	2	1	3
557	27351	81	7	35	51	7	37	12	1	3	1	3
558	-1	-1	-1	-1	-1	7	37	12	-1	-1	1	2
559	27362	72	7	36	2	7	37	14	1	4	1	2
560	27353	83	7	35	53	7	37	16	1	3	1	3
561	-1	-1	-1	-1	-1	7	37	16	-1	-1	1	2
562	-1	-1	-1	-1	-1	7	37	17	-1	-1	1	1
563	-1	-1	-1	-1	-1	7	37	18	-1	-1	1	2
564	27375	64	7	36	15	7	37	19	1	3	1	2
565	-1	-1	-1	-1	-1	7	37	22	-1	-1	1	2
566	-1	-1	-1	-1	-1	7	37	24	-1	-1	1	2
567	-1	-1	-1	-1	-1	7	37	25	-1	-1	1	2
568	27366	79	7	36	6	7	37	25	1	3	1	1
569	-1	-1	-1	-1	-1	7	37	27	-1	-1	1	3
570	27378	70	7	36	18	7	37	28	1	3	1	2
571	-1	-1	-1	-1	-1	7	37	28	-1	-1	1	1
572	-1	-1	-1	-1	-1	7	37	29	-1	-1	1	3
573	-1	-1	-1	-1	-1	7	37	31	-1	-1	1	2
574	27357	95	7	35	57	7	37	32	1	4	1	3
575	-1	-1	-1	-1	-1	7	37	32	-1	-1	1	2
576	-1	-1	-1	-1	-1	7	37	34	-1	-1	1	1
577	27374	80	7	36	14	7	37	34	1	4	1	2
578	27358	96	7	35	58	7	37	34	1	4	1	3
579	27386	69	7	36	26	7	37	35	1	3	1	2
580	-1	-1	-1	-1	-1	7	37	36	-1	-1	1	1
581	-1	-1	-1	-1	-1	7	37	36	-1	-1	1	3
582	27371	87	7	36	11	7	37	38	1	4	1	2
583	27367	94	7	36	7	7	37	41	1	4	1	3
584	-1	-1	-1	-1	-1	7	37	45	-1	-1	1	3
585	-1	-1	-1	-1	-1	7	37	49	-1	-1	1	3
586	-1	-1	-1	-1	-1	7	37	51	-1	-1	1	3
587	-1	-1	-1	-1	-1	7	37	54	-1	-1	1	3
588	-1	-1	-1	-1	-1	7	37	57	-1	-1	1	3
589	-1	-1	-1	-1	-1	7	38	1	-1	-1	1	2
590	-1	-1	-1	-1	-1	7	38	5	-1	-1	1	3
591	-1	-1	-1	-1	-1	7	38	7	-1	-1	1	1
592	-1	-1	-1	-1	-1	7	38	9	-1	-1	1	3
593	-1	-1	-1	-1	-1	7	38	15	-1	-1	1	3
594	-1	-1	-1	-1	-1	7	38	37	-1	-1	1	3
595	-1	-1	-1	-1	-1	7	38	51	-1	-1	1	3
596	-1	-1	-1	-1	-1	7	38	52	-1	-1	1	2
597	-1	-1	-1	-1	-1	7	38	53	-1	-1	1	1
598	-1	-1	-1	-1	-1	7	38	54	-1	-1	1	3
599	-1	-1	-1	-1	-1	7	38	55	-1	-1	1	2
600	-1	-1	-1	-1	-1	7	38	56	-1	-1	1	1
601	27416	121	7	36	56	7	38	57	1	3	1	3
602	-1	-1	-1	-1	-1	7	38	58	-1	-1	1	2
603	-1	-1	-1	-1	-1	7	39	0	-1	-1	1	1
604	-1	-1	-1	-1	-1	7	39	0	-1	-1	1	2
605	27468	72	7	37	48	7	39	0	1	4	1	3
606	-1	-1	-1	-1	-1	7	39	1	-1	-1	1	3
607	27457	86	7	37	37	7	39	3	1	2	1	3
608	-1	-1	-1	-1	-1	7	39	5	-1	-1	1	1
609	27471	74	7	37	51	7	39	5	1	4	1	3
610	-1	-1	-1	-1	-1	7	39	5	-1	-1	1	2
611	-1	-1	-1	-1	-1	7	39	9	-1	-1	1	2
612	-1	-1	-1	-1	-1	7	39	10	-1	-1	1	3
613	27480	72	7	38	0	7	39	12	1	4	1	3
614	-1	-1	-1	-1	-1	7	39	13	-1	-1	1	2
615	27482	71	7	38	2	7	39	13	1	3	1	3
616	27472	82	7	37	52	7	39	14	1	3	1	2
617	27488	66	7	38	8	7	39	14	1	2	1	1
618	-1	-1	-1	-1	-1	7	39	15	-1	-1	1	2
619	27484	72	7	38	4	7	39	16	1	4	1	3
620	-1	-1	-1	-1	-1	7	39	18	-1	-1	1	2
621	27486	72	7	38	6	7	39	18	1	4	1	3
622	27495	63	7	38	15	7	39	18	1	3	1	1
623	27485	75	7	38	5	7	39	20	1	3	1	3
624	27478	83	7	37	58	7	39	21	1	3	1	2
625	-1	-1	-1	-1	-1	7	39	21	-1	-1	1	1
626	-1	-1	-1	-1	-1	7	39	23	-1	-1	1	2
627	-1	-1	-1	-1	-1	7	39	24	-1	-1	1	3
628	27486	78	7	38	6	7	39	24	1	3	1	2
629	-1	-1	-1	-1	-1	7	39	25	-1	-1	1	1
630	-1	-1	-1	-1	-1	7	39	26	-1	-1	1	2
631	27413	154	7	36	53	7	39	27	1	4	1	2
632	27488	80	7	38	8	7	39	28	1	4	1	3
633	27495	73	7	38	15	7	39	28	1	4	1	1
634	-1	-1	-1	-1	-1	7	39	30	-1	-1	1	2
635	-1	-1	-1	-1	-1	7	39	32	-1	-1	1	3
636	-1	-1	-1	-1	-1	7	39	33	-1	-1	1	1
637	-1	-1	-1	-1	-1	7	39	33	-1	-1	1	3
638	-1	-1	-1	-1	-1	7	39	33	-1	-1	1	2
639	-1	-1	-1	-1	-1	7	39	35	-1	-1	1	2
640	27506	70	7	38	26	7	39	36	1	4	1	3
641	27500	76	7	38	20	7	39	36	1	3	1	2
642	-1	-1	-1	-1	-1	7	39	39	-1	-1	1	2
643	-1	-1	-1	-1	-1	7	39	42	-1	-1	1	3
644	27499	85	7	38	19	7	39	44	1	3	1	2
645	-1	-1	-1	-1	-1	7	39	52	-1	-1	1	3
646	-1	-1	-1	-1	-1	7	40	15	-1	-1	1	1
647	-1	-1	-1	-1	-1	7	40	50	-1	-1	1	3
648	-1	-1	-1	-1	-1	7	40	52	-1	-1	1	1
649	-1	-1	-1	-1	-1	7	40	53	-1	-1	1	2
650	-1	-1	-1	-1	-1	7	40	53	-1	-1	1	3
651	-1	-1	-1	-1	-1	7	40	56	-1	-1	1	2
652	-1	-1	-1	-1	-1	7	40	59	-1	-1	1	3
653	-1	-1	-1	-1	-1	7	41	0	-1	-1	1	2
654	27542	120	7	39	2	7	41	2	4	2	1	3
655	-1	-1	-1	-1	-1	7	41	2	-1	-1	1	2
656	-1	-1	-1	-1	-1	7	41	4	-1	-1	1	3
657	27573	91	7	39	33	7	41	4	1	2	1	2
658	-1	-1	-1	-1	-1	7	41	6	-1	-1	1	2
659	27590	76	7	39	50	7	41	6	1	2	1	1
660	-1	-1	-1	-1	-1	7	41	6	-1	-1	1	3
661	27598	70	7	39	58	7	41	8	1	3	1	3
662	27590	79	7	39	50	7	41	9	1	4	1	1
663	27596	73	7	39	56	7	41	9	1	4	1	2
664	-1	-1	-1	-1	-1	7	41	11	-1	-1	1	3
665	27603	68	7	40	3	7	41	11	1	4	1	2
666	27600	72	7	40	0	7	41	12	1	3	1	3
667	27601	72	7	40	1	7	41	13	1	4	1	1
668	-1	-1	-1	-1	-1	7	41	14	-1	-1	1	2
669	27607	69	7	40	7	7	41	16	1	3	1	2
670	-1	-1	-1	-1	-1	7	41	17	-1	-1	1	3
671	27605	73	7	40	5	7	41	18	1	4	1	2
672	-1	-1	-1	-1	-1	7	41	18	-1	-1	1	1
673	-1	-1	-1	-1	-1	7	41	21	-1	-1	1	2
674	-1	-1	-1	-1	-1	7	41	22	-1	-1	1	1
675	-1	-1	-1	-1	-1	7	41	23	-1	-1	1	2
676	27606	79	7	40	6	7	41	25	1	4	1	1
677	27609	76	7	40	9	7	41	25	1	3	1	3
678	27611	75	7	40	11	7	41	26	1	3	1	2
679	27622	65	7	40	22	7	41	27	1	4	1	1
680	-1	-1	-1	-1	-1	7	41	28	-1	-1	1	3
681	27627	61	7	40	27	7	41	28	1	3	1	2
682	-1	-1	-1	-1	-1	7	41	29	-1	-1	1	1
683	27619	71	7	40	19	7	41	30	1	4	1	3
684	-1	-1	-1	-1	-1	7	41	32	-1	-1	1	2
685	-1	-1	-1	-1	-1	7	41	32	-1	-1	1	1
686	27631	62	7	40	31	7	41	33	1	3	1	3
687	-1	-1	-1	-1	-1	7	41	35	-1	-1	1	3
688	-1	-1	-1	-1	-1	7	41	35	-1	-1	1	2
689	27632	65	7	40	32	7	41	37	1	4	1	2
690	27629	68	7	40	29	7	41	37	1	3	1	3
691	-1	-1	-1	-1	-1	7	41	43	-1	-1	1	3
692	-1	-1	-1	-1	-1	7	41	51	-1	-1	1	2
693	-1	-1	-1	-1	-1	7	41	52	-1	-1	1	3
694	-1	-1	-1	-1	-1	7	42	5	-1	-1	1	3
695	-1	-1	-1	-1	-1	7	42	25	-1	-1	1	1
696	-1	-1	-1	-1	-1	7	42	52	-1	-1	1	2
697	-1	-1	-1	-1	-1	7	42	53	-1	-1	1	3
698	-1	-1	-1	-1	-1	7	42	53	-1	-1	1	1
699	-1	-1	-1	-1	-1	7	42	54	-1	-1	1	2
700	-1	-1	-1	-1	-1	7	42	57	-1	-1	1	3
701	27666	111	7	41	6	7	42	57	1	2	1	2
702	27715	62	7	41	55	7	42	57	1	2	1	1
703	27710	69	7	41	50	7	42	59	1	2	1	2
704	-1	-1	-1	-1	-1	7	43	0	-1	-1	1	3
705	27713	67	7	41	53	7	43	0	1	3	1	1
706	27715	66	7	41	55	7	43	1	1	3	1	2
707	-1	-1	-1	-1	-1	7	43	4	-1	-1	1	2
708	-1	-1	-1	-1	-1	7	43	5	-1	-1	1	3
709	-1	-1	-1	-1	-1	7	43	5	-1	-1	1	1
710	27717	69	7	41	57	7	43	6	1	3	1	2
711	27722	65	7	42	2	7	43	7	1	4	1	2
712	27720	68	7	42	0	7	43	8	1	3	1	2
713	-1	-1	-1	-1	-1	7	43	9	-1	-1	1	3
714	27730	60	7	42	10	7	43	10	1	2	1	1
715	27710	82	7	41	50	7	43	12	1	4	1	3
716	27718	75	7	41	58	7	43	13	1	4	1	2
717	-1	-1	-1	-1	-1	7	43	14	-1	-1	1	1
718	-1	-1	-1	-1	-1	7	43	15	-1	-1	1	3
719	-1	-1	-1	-1	-1	7	43	16	-1	-1	1	2
720	27661	137	7	41	1	7	43	18	1	3	1	3
721	27722	78	7	42	2	7	43	20	1	3	1	2
722	-1	-1	-1	-1	-1	7	43	21	-1	-1	1	3
723	-1	-1	-1	-1	-1	7	43	22	-1	-1	1	2
724	27715	88	7	41	55	7	43	23	1	4	1	3
725	-1	-1	-1	-1	-1	7	43	25	-1	-1	1	2
726	27732	73	7	42	12	7	43	25	1	3	1	1
727	-1	-1	-1	-1	-1	7	43	26	-1	-1	1	3
728	-1	-1	-1	-1	-1	7	43	28	-1	-1	1	2
729	-1	-1	-1	-1	-1	7	43	30	-1	-1	1	1
730	-1	-1	-1	-1	-1	7	43	30	-1	-1	1	3
731	27738	72	7	42	18	7	43	30	1	3	1	2
732	-1	-1	-1	-1	-1	7	43	31	-1	-1	1	2
733	-1	-1	-1	-1	-1	7	43	33	-1	-1	1	2
734	27724	89	7	42	4	7	43	33	1	4	1	3
735	27747	67	7	42	27	7	43	34	1	3	1	2
736	27728	86	7	42	8	7	43	34	1	4	1	3
737	-1	-1	-1	-1	-1	7	43	36	-1	-1	1	2
738	-1	-1	-1	-1	-1	7	43	37	-1	-1	1	3
739	-1	-1	-1	-1	-1	7	43	38	-1	-1	1	2
740	-1	-1	-1	-1	-1	7	43	40	-1	-1	1	3
741	-1	-1	-1	-1	-1	7	43	43	-1	-1	1	3
742	-1	-1	-1	-1	-1	7	43	44	-1	-1	1	2
743	-1	-1	-1	-1	-1	7	43	46	-1	-1	1	3
744	-1	-1	-1	-1	-1	7	43	46	-1	-1	1	1
745	-1	-1	-1	-1	-1	7	43	52	-1	-1	1	3
746	-1	-1	-1	-1	-1	7	43	56	-1	-1	1	3
747	-1	-1	-1	-1	-1	7	44	11	-1	-1	1	3
748	-1	-1	-1	-1	-1	7	44	28	-1	-1	1	3
749	-1	-1	-1	-1	-1	7	44	51	-1	-1	1	3
750	-1	-1	-1	-1	-1	7	44	51	-1	-1	1	1
751	-1	-1	-1	-1	-1	7	44	52	-1	-1	1	2
752	27835	59	7	43	55	7	44	54	1	4	1	3
753	-1	-1	-1	-1	-1	7	44	54	-1	-1	1	1
754	-1	-1	-1	-1	-1	7	44	54	-1	-1	1	2
755	-1	-1	-1	-1	-1	7	44	57	-1	-1	1	1
756	-1	-1	-1	-1	-1	7	44	57	-1	-1	1	2
757	-1	-1	-1	-1	-1	7	44	58	-1	-1	1	3
758	-1	-1	-1	-1	-1	7	44	59	-1	-1	1	2
759	-1	-1	-1	-1	-1	7	44	59	-1	-1	1	1
760	-1	-1	-1	-1	-1	7	45	0	-1	-1	1	2
761	27837	64	7	43	57	7	45	1	1	4	1	3
762	-1	-1	-1	-1	-1	7	45	3	-1	-1	1	2
763	27837	66	7	43	57	7	45	3	1	3	1	3
764	-1	-1	-1	-1	-1	7	45	4	-1	-1	1	2
765	27839	65	7	43	59	7	45	4	1	3	1	1
766	-1	-1	-1	-1	-1	7	45	5	-1	-1	1	2
767	-1	-1	-1	-1	-1	7	45	7	-1	-1	1	1
768	-1	-1	-1	-1	-1	7	45	7	-1	-1	1	2
769	-1	-1	-1	-1	-1	7	45	10	-1	-1	1	3
770	-1	-1	-1	-1	-1	7	45	11	-1	-1	1	2
771	-1	-1	-1	-1	-1	7	45	12	-1	-1	1	2
772	-1	-1	-1	-1	-1	7	45	13	-1	-1	1	1
773	27763	151	7	42	43	7	45	14	1	3	1	2
774	-1	-1	-1	-1	-1	7	45	16	-1	-1	1	2
775	-1	-1	-1	-1	-1	7	45	16	-1	-1	1	3
776	27836	81	7	43	56	7	45	17	1	2	1	1
777	27847	71	7	44	7	7	45	18	1	4	1	3
778	27841	77	7	44	1	7	45	18	1	4	1	2
779	-1	-1	-1	-1	-1	7	45	19	-1	-1	1	2
780	-1	-1	-1	-1	-1	7	45	20	-1	-1	1	3
781	-1	-1	-1	-1	-1	7	45	20	-1	-1	1	1
782	27833	88	7	43	53	7	45	21	1	3	1	2
783	-1	-1	-1	-1	-1	7	45	22	-1	-1	1	2
784	-1	-1	-1	-1	-1	7	45	22	-1	-1	1	3
785	-1	-1	-1	-1	-1	7	45	24	-1	-1	1	3
786	27845	79	7	44	5	7	45	24	1	3	1	2
787	27849	76	7	44	9	7	45	25	1	4	1	3
788	27850	76	7	44	10	7	45	26	1	3	1	2
789	27857	70	7	44	17	7	45	27	1	3	1	3
790	27855	73	7	44	15	7	45	28	1	3	1	2
791	-1	-1	-1	-1	-1	7	45	28	-1	-1	1	1
792	-1	-1	-1	-1	-1	7	45	30	-1	-1	1	2
793	27859	71	7	44	19	7	45	30	1	3	1	3
794	-1	-1	-1	-1	-1	7	45	31	-1	-1	1	2
795	-1	-1	-1	-1	-1	7	45	32	-1	-1	1	3
796	27868	66	7	44	28	7	45	34	1	3	1	2
797	-1	-1	-1	-1	-1	7	45	34	-1	-1	1	3
798	-1	-1	-1	-1	-1	7	45	34	-1	-1	1	1
799	-1	-1	-1	-1	-1	7	45	35	-1	-1	1	1
800	-1	-1	-1	-1	-1	7	45	36	-1	-1	1	2
801	27862	74	7	44	22	7	45	36	1	3	1	3
802	27830	116	7	43	50	7	45	46	1	4	1	3
803	-1	-1	-1	-1	-1	7	45	59	-1	-1	1	1
804	-1	-1	-1	-1	-1	7	46	46	-1	-1	1	2
805	-1	-1	-1	-1	-1	7	46	47	-1	-1	1	3
806	-1	-1	-1	-1	-1	7	46	50	-1	-1	1	2
807	-1	-1	-1	-1	-1	7	46	51	-1	-1	1	1
808	-1	-1	-1	-1	-1	7	46	51	-1	-1	1	3
809	-1	-1	-1	-1	-1	7	46	55	-1	-1	1	2
810	-1	-1	-1	-1	-1	7	46	55	-1	-1	1	3
811	-1	-1	-1	-1	-1	7	46	56	-1	-1	1	1
812	-1	-1	-1	-1	-1	7	46	57	-1	-1	1	2
813	27911	107	7	45	11	7	46	58	1	4	1	1
814	-1	-1	-1	-1	-1	7	46	59	-1	-1	1	2
815	-1	-1	-1	-1	-1	7	47	0	-1	-1	1	3
816	27966	55	7	46	6	7	47	1	1	3	1	1
817	-1	-1	-1	-1	-1	7	47	2	-1	-1	1	2
818	-1	-1	-1	-1	-1	7	47	2	-1	-1	1	3
819	27962	62	7	46	2	7	47	4	1	3	1	2
820	-1	-1	-1	-1	-1	7	47	4	-1	-1	1	3
821	-1	-1	-1	-1	-1	7	47	6	-1	-1	1	2
822	-1	-1	-1	-1	-1	7	47	7	-1	-1	1	3
823	-1	-1	-1	-1	-1	7	47	8	-1	-1	1	2
824	-1	-1	-1	-1	-1	7	47	9	-1	-1	1	3
825	27961	69	7	46	1	7	47	10	1	3	1	2
826	27959	72	7	45	59	7	47	11	1	3	1	3
827	27950	82	7	45	50	7	47	12	1	2	1	2
828	27970	64	7	46	10	7	47	14	1	3	1	1
829	27972	63	7	46	12	7	47	15	1	4	1	2
830	27978	58	7	46	18	7	47	16	1	4	1	2
831	27965	72	7	46	5	7	47	17	1	4	1	2
832	-1	-1	-1	-1	-1	7	47	17	-1	-1	1	3
833	27973	67	7	46	13	7	47	20	1	3	1	2
834	27980	61	7	46	20	7	47	21	1	3	1	2
835	-1	-1	-1	-1	-1	7	47	21	-1	-1	1	3
836	-1	-1	-1	-1	-1	7	47	22	-1	-1	1	2
837	-1	-1	-1	-1	-1	7	47	24	-1	-1	1	1
838	27977	68	7	46	17	7	47	25	1	4	1	3
839	27982	64	7	46	22	7	47	26	1	3	1	2
840	-1	-1	-1	-1	-1	7	47	29	-1	-1	1	2
841	-1	-1	-1	-1	-1	7	47	30	-1	-1	1	1
842	-1	-1	-1	-1	-1	7	47	32	-1	-1	1	1
843	27963	89	7	46	3	7	47	32	1	4	1	3
844	-1	-1	-1	-1	-1	7	47	34	-1	-1	1	1
845	-1	-1	-1	-1	-1	7	47	34	-1	-1	1	2
846	27981	74	7	46	21	7	47	35	1	4	1	3
847	-1	-1	-1	-1	-1	7	47	37	-1	-1	1	3
848	-1	-1	-1	-1	-1	7	47	41	-1	-1	1	3
849	-1	-1	-1	-1	-1	7	47	54	-1	-1	1	2
850	-1	-1	-1	-1	-1	7	48	26	-1	-1	1	1
851	-1	-1	-1	-1	-1	7	48	48	-1	-1	1	2
852	-1	-1	-1	-1	-1	7	48	50	-1	-1	1	3
853	-1	-1	-1	-1	-1	7	48	52	-1	-1	1	1
854	-1	-1	-1	-1	-1	7	48	52	-1	-1	1	2
855	-1	-1	-1	-1	-1	7	48	53	-1	-1	1	3
856	-1	-1	-1	-1	-1	7	48	55	-1	-1	1	2
857	-1	-1	-1	-1	-1	7	48	57	-1	-1	1	2
858	-1	-1	-1	-1	-1	7	48	57	-1	-1	1	3
859	-1	-1	-1	-1	-1	7	49	0	-1	-1	1	3
860	-1	-1	-1	-1	-1	7	49	1	-1	-1	1	1
861	-1	-1	-1	-1	-1	7	49	2	-1	-1	1	2
862	-1	-1	-1	-1	-1	7	49	3	-1	-1	1	1
863	28007	137	7	46	47	7	49	4	1	3	1	2
864	28083	62	7	48	3	7	49	5	1	3	1	2
865	28082	64	7	48	2	7	49	6	1	4	1	1
866	-1	-1	-1	-1	-1	7	49	7	-1	-1	1	2
867	28074	73	7	47	54	7	49	7	1	3	1	3
868	28090	58	7	48	10	7	49	8	1	3	1	2
869	-1	-1	-1	-1	-1	7	49	9	-1	-1	1	3
870	28092	58	7	48	12	7	49	10	1	3	1	2
871	28080	72	7	48	0	7	49	12	1	3	1	3
872	28082	72	7	48	2	7	49	14	1	3	1	3
873	28096	58	7	48	16	7	49	14	1	3	1	1
874	-1	-1	-1	-1	-1	7	49	15	-1	-1	1	1
875	-1	-1	-1	-1	-1	7	49	16	-1	-1	1	2
876	28099	58	7	48	19	7	49	17	1	3	1	2
877	28078	79	7	47	58	7	49	17	1	4	1	3
878	28096	63	7	48	16	7	49	19	1	4	1	2
879	-1	-1	-1	-1	-1	7	49	21	-1	-1	1	1
880	28108	54	7	48	28	7	49	22	1	4	1	2
881	-1	-1	-1	-1	-1	7	49	22	-1	-1	1	3
882	-1	-1	-1	-1	-1	7	49	26	-1	-1	1	3
883	28088	80	7	48	8	7	49	28	1	3	1	2
884	-1	-1	-1	-1	-1	7	49	29	-1	-1	1	1
885	28085	84	7	48	5	7	49	29	1	4	1	3
886	-1	-1	-1	-1	-1	7	49	33	-1	-1	1	3
887	28102	73	7	48	22	7	49	35	1	3	1	2
888	-1	-1	-1	-1	-1	7	49	36	-1	-1	1	3
889	28096	82	7	48	16	7	49	38	1	4	1	3
890	28101	79	7	48	21	7	49	40	1	4	1	3
891	-1	-1	-1	-1	-1	7	49	42	-1	-1	1	3
892	-1	-1	-1	-1	-1	7	49	43	-1	-1	1	2
893	28111	73	7	48	31	7	49	44	1	3	1	3
894	28091	99	7	48	11	7	49	50	1	4	1	3
895	-1	-1	-1	-1	-1	7	49	53	-1	-1	1	3
896	-1	-1	-1	-1	-1	7	49	57	-1	-1	1	1
897	-1	-1	-1	-1	-1	7	50	2	-1	-1	1	3
898	-1	-1	-1	-1	-1	7	50	6	-1	-1	1	3
899	-1	-1	-1	-1	-1	7	50	8	-1	-1	1	3
900	-1	-1	-1	-1	-1	7	50	12	-1	-1	1	3
901	-1	-1	-1	-1	-1	7	50	16	-1	-1	1	3
902	-1	-1	-1	-1	-1	7	50	21	-1	-1	1	3
903	-1	-1	-1	-1	-1	7	50	51	-1	-1	1	3
904	28119	133	7	48	39	7	50	52	1	4	1	2
905	-1	-1	-1	-1	-1	7	50	52	-1	-1	1	1
906	28172	81	7	49	32	7	50	53	4	2	1	3
907	-1	-1	-1	-1	-1	7	50	55	-1	-1	1	2
908	28147	109	7	49	7	7	50	56	1	2	1	3
909	-1	-1	-1	-1	-1	7	50	56	-1	-1	1	1
910	-1	-1	-1	-1	-1	7	50	57	-1	-1	1	2
911	28146	112	7	49	6	7	50	58	1	4	1	3
912	-1	-1	-1	-1	-1	7	50	59	-1	-1	1	2
913	-1	-1	-1	-1	-1	7	51	0	-1	-1	1	2
914	-1	-1	-1	-1	-1	7	51	0	-1	-1	1	1
915	28176	86	7	49	36	7	51	2	4	2	1	3
916	-1	-1	-1	-1	-1	7	51	3	-1	-1	1	2
917	28201	63	7	50	1	7	51	4	1	3	1	3
918	-1	-1	-1	-1	-1	7	51	6	-1	-1	1	2
919	28205	61	7	50	5	7	51	6	1	4	1	3
920	-1	-1	-1	-1	-1	7	51	8	-1	-1	1	3
921	-1	-1	-1	-1	-1	7	51	9	-1	-1	1	2
922	-1	-1	-1	-1	-1	7	51	10	-1	-1	1	2
923	28194	77	7	49	54	7	51	11	1	4	1	3
924	28206	67	7	50	6	7	51	13	1	4	1	3
925	-1	-1	-1	-1	-1	7	51	14	-1	-1	1	2
926	-1	-1	-1	-1	-1	7	51	15	-1	-1	1	1
927	28208	67	7	50	8	7	51	15	1	3	1	3
928	28214	63	7	50	14	7	51	17	1	4	1	3
929	28119	158	7	48	39	7	51	17	1	3	1	2
930	-1	-1	-1	-1	-1	7	51	19	-1	-1	1	2
931	28203	76	7	50	3	7	51	19	1	4	1	3
932	-1	-1	-1	-1	-1	7	51	20	-1	-1	1	2
933	-1	-1	-1	-1	-1	7	51	21	-1	-1	1	3
934	-1	-1	-1	-1	-1	7	51	21	-1	-1	1	1
935	-1	-1	-1	-1	-1	7	51	24	-1	-1	1	2
936	28219	66	7	50	19	7	51	25	1	4	1	3
937	28049	238	7	47	29	7	51	27	3	2	1	1
938	-1	-1	-1	-1	-1	7	51	29	-1	-1	1	2
939	28224	66	7	50	24	7	51	30	1	4	1	1
940	28217	75	7	50	17	7	51	32	1	4	1	3
941	-1	-1	-1	-1	-1	7	51	32	-1	-1	1	2
942	28234	59	7	50	34	7	51	33	1	3	1	1
943	28221	73	7	50	21	7	51	34	1	4	1	3
944	-1	-1	-1	-1	-1	7	51	36	-1	-1	1	2
945	28210	88	7	50	10	7	51	38	1	3	1	2
946	-1	-1	-1	-1	-1	7	51	41	-1	-1	1	3
947	28219	82	7	50	19	7	51	41	1	3	1	2
948	-1	-1	-1	-1	-1	7	52	5	-1	-1	1	1
949	-1	-1	-1	-1	-1	7	52	50	-1	-1	1	1
950	-1	-1	-1	-1	-1	7	52	50	-1	-1	1	2
951	28227	146	7	50	27	7	52	53	1	3	1	2
952	-1	-1	-1	-1	-1	7	52	54	-1	-1	1	1
953	-1	-1	-1	-1	-1	7	52	56	-1	-1	1	1
954	-1	-1	-1	-1	-1	7	52	56	-1	-1	1	3
955	28222	155	7	50	22	7	52	57	1	3	1	2
956	-1	-1	-1	-1	-1	7	52	59	-1	-1	1	2
957	-1	-1	-1	-1	-1	7	53	0	-1	-1	1	3
958	28246	135	7	50	46	7	53	1	1	3	1	1
959	-1	-1	-1	-1	-1	7	53	2	-1	-1	1	2
960	-1	-1	-1	-1	-1	7	53	3	-1	-1	1	2
961	-1	-1	-1	-1	-1	7	53	4	-1	-1	1	1
962	-1	-1	-1	-1	-1	7	53	5	-1	-1	1	2
963	-1	-1	-1	-1	-1	7	53	5	-1	-1	1	3
964	-1	-1	-1	-1	-1	7	53	7	-1	-1	1	2
965	-1	-1	-1	-1	-1	7	53	8	-1	-1	1	3
966	-1	-1	-1	-1	-1	7	53	9	-1	-1	1	1
967	-1	-1	-1	-1	-1	7	53	10	-1	-1	1	2
968	-1	-1	-1	-1	-1	7	53	10	-1	-1	1	3
969	28315	76	7	51	55	7	53	11	1	3	1	1
970	-1	-1	-1	-1	-1	7	53	11	-1	-1	1	2
971	-1	-1	-1	-1	-1	7	53	12	-1	-1	1	3
972	28318	75	7	51	58	7	53	13	1	4	1	3
973	-1	-1	-1	-1	-1	7	53	14	-1	-1	1	2
974	28312	83	7	51	52	7	53	15	1	3	1	3
975	-1	-1	-1	-1	-1	7	53	15	-1	-1	1	2
976	-1	-1	-1	-1	-1	7	53	15	-1	-1	1	1
977	-1	-1	-1	-1	-1	7	53	17	-1	-1	1	2
978	28318	80	7	51	58	7	53	18	1	3	1	3
979	-1	-1	-1	-1	-1	7	53	18	-1	-1	1	2
980	-1	-1	-1	-1	-1	7	53	19	-1	-1	1	1
981	28312	87	7	51	52	7	53	19	1	2	1	2
982	-1	-1	-1	-1	-1	7	53	20	-1	-1	1	3
983	-1	-1	-1	-1	-1	7	53	22	-1	-1	1	2
984	-1	-1	-1	-1	-1	7	53	23	-1	-1	1	3
985	28333	73	7	52	13	7	53	26	1	3	1	1
986	-1	-1	-1	-1	-1	7	53	26	-1	-1	1	2
987	28327	81	7	52	7	7	53	28	1	3	1	2
988	-1	-1	-1	-1	-1	7	53	29	-1	-1	1	1
989	28326	83	7	52	6	7	53	29	1	3	1	3
990	28331	79	7	52	11	7	53	30	1	4	1	2
991	-1	-1	-1	-1	-1	7	53	30	-1	-1	1	1
992	-1	-1	-1	-1	-1	7	53	31	-1	-1	1	2
993	28309	103	7	51	49	7	53	32	1	4	1	3
994	-1	-1	-1	-1	-1	7	53	33	-1	-1	1	2
995	-1	-1	-1	-1	-1	7	53	33	-1	-1	1	1
996	28328	87	7	52	8	7	53	35	1	4	1	3
997	-1	-1	-1	-1	-1	7	53	36	-1	-1	1	2
998	28337	80	7	52	17	7	53	37	1	4	1	3
999	28338	79	7	52	18	7	53	37	1	3	1	1
1000	-1	-1	-1	-1	-1	7	53	37	-1	-1	1	2
1001	-1	-1	-1	-1	-1	7	53	39	-1	-1	1	1
1002	28337	82	7	52	17	7	53	39	1	3	1	3
1003	-1	-1	-1	-1	-1	7	53	40	-1	-1	1	2
1004	28340	81	7	52	20	7	53	41	1	3	1	3
1005	-1	-1	-1	-1	-1	7	53	43	-1	-1	1	3
1006	28340	85	7	52	20	7	53	45	1	4	1	3
1007	-1	-1	-1	-1	-1	7	53	48	-1	-1	1	3
1008	-1	-1	-1	-1	-1	7	53	52	-1	-1	1	3
1009	-1	-1	-1	-1	-1	7	53	58	-1	-1	1	1
1010	-1	-1	-1	-1	-1	7	54	48	-1	-1	1	3
1011	28344	144	7	52	24	7	54	48	1	3	1	2
1012	-1	-1	-1	-1	-1	7	54	50	-1	-1	1	1
1013	28331	160	7	52	11	7	54	51	1	3	1	2
1014	-1	-1	-1	-1	-1	7	54	53	-1	-1	1	1
1015	-1	-1	-1	-1	-1	7	54	53	-1	-1	1	2
1016	-1	-1	-1	-1	-1	7	54	54	-1	-1	1	3
1017	-1	-1	-1	-1	-1	7	54	56	-1	-1	1	1
1018	-1	-1	-1	-1	-1	7	54	56	-1	-1	1	2
1019	-1	-1	-1	-1	-1	7	54	57	-1	-1	1	3
1020	-1	-1	-1	-1	-1	7	54	58	-1	-1	1	2
1021	-1	-1	-1	-1	-1	7	54	59	-1	-1	1	1
1022	-1	-1	-1	-1	-1	7	55	0	-1	-1	1	3
1023	28347	153	7	52	27	7	55	0	1	3	1	2
1024	-1	-1	-1	-1	-1	7	55	1	-1	-1	1	2
1025	28349	154	7	52	29	7	55	3	1	3	1	2
1026	-1	-1	-1	-1	-1	7	55	4	-1	-1	1	2
1027	28430	74	7	53	50	7	55	4	1	3	1	1
1028	-1	-1	-1	-1	-1	7	55	6	-1	-1	1	2
1029	-1	-1	-1	-1	-1	7	55	6	-1	-1	1	3
1030	28430	77	7	53	50	7	55	7	1	3	1	2
1031	28439	69	7	53	59	7	55	8	1	4	1	2
1032	-1	-1	-1	-1	-1	7	55	8	-1	-1	1	3
1033	-1	-1	-1	-1	-1	7	55	10	-1	-1	1	2
1034	-1	-1	-1	-1	-1	7	55	11	-1	-1	1	2
1035	-1	-1	-1	-1	-1	7	55	12	-1	-1	1	3
1036	-1	-1	-1	-1	-1	7	55	14	-1	-1	1	2
1037	-1	-1	-1	-1	-1	7	55	15	-1	-1	1	3
1038	28447	68	7	54	7	7	55	15	1	3	1	2
1039	-1	-1	-1	-1	-1	7	55	17	-1	-1	1	2
1040	28362	156	7	52	42	7	55	18	1	3	1	2
1041	28443	75	7	54	3	7	55	18	1	3	1	3
1042	-1	-1	-1	-1	-1	7	55	20	-1	-1	1	3
1043	-1	-1	-1	-1	-1	7	55	20	-1	-1	1	2
1044	-1	-1	-1	-1	-1	7	55	22	-1	-1	1	2
1045	28450	72	7	54	10	7	55	22	1	4	1	3
1046	28456	67	7	54	16	7	55	23	1	3	1	2
1047	28455	68	7	54	15	7	55	23	1	3	1	1
1048	-1	-1	-1	-1	-1	7	55	25	-1	-1	1	2
1049	28434	92	7	53	54	7	55	26	1	4	1	3
1050	28436	91	7	53	56	7	55	27	1	3	1	2
1051	28434	94	7	53	54	7	55	28	1	3	1	2
1052	28460	69	7	54	20	7	55	29	1	4	1	1
1053	28439	91	7	53	59	7	55	30	1	3	1	3
1054	-1	-1	-1	-1	-1	7	55	31	-1	-1	1	2
1055	28447	85	7	54	7	7	55	32	1	4	1	3
1056	-1	-1	-1	-1	-1	7	55	32	-1	-1	1	1
1057	-1	-1	-1	-1	-1	7	55	33	-1	-1	1	2
1058	28452	82	7	54	12	7	55	34	1	3	1	3
1059	28442	93	7	54	2	7	55	35	1	4	1	2
1060	-1	-1	-1	-1	-1	7	55	36	-1	-1	1	1
1061	-1	-1	-1	-1	-1	7	55	36	-1	-1	1	3
1062	28446	91	7	54	6	7	55	37	1	3	1	2
1063	-1	-1	-1	-1	-1	7	55	38	-1	-1	1	2
1064	-1	-1	-1	-1	-1	7	55	38	-1	-1	1	1
1065	-1	-1	-1	-1	-1	7	55	39	-1	-1	1	3
1066	-1	-1	-1	-1	-1	7	55	42	-1	-1	1	1
1067	-1	-1	-1	-1	-1	7	55	48	-1	-1	1	3
1068	-1	-1	-1	-1	-1	7	55	55	-1	-1	1	3
1069	28451	155	7	54	11	7	56	46	1	3	1	2
1070	-1	-1	-1	-1	-1	7	56	49	-1	-1	1	3
1071	-1	-1	-1	-1	-1	7	56	49	-1	-1	1	1
1072	-1	-1	-1	-1	-1	7	56	50	-1	-1	1	2
1073	-1	-1	-1	-1	-1	7	56	52	-1	-1	1	3
1074	28461	152	7	54	21	7	56	53	1	3	1	2
1075	-1	-1	-1	-1	-1	7	56	53	-1	-1	1	1
1076	-1	-1	-1	-1	-1	7	56	54	-1	-1	1	3
1077	28468	148	7	54	28	7	56	56	1	4	1	2
1078	-1	-1	-1	-1	-1	7	56	57	-1	-1	1	3
1079	-1	-1	-1	-1	-1	7	56	57	-1	-1	1	1
1080	-1	-1	-1	-1	-1	7	56	58	-1	-1	1	1
1081	-1	-1	-1	-1	-1	7	56	59	-1	-1	1	2
1082	28548	71	7	55	48	7	56	59	1	3	1	3
1083	-1	-1	-1	-1	-1	7	57	0	-1	-1	1	1
1084	-1	-1	-1	-1	-1	7	57	1	-1	-1	1	3
1085	-1	-1	-1	-1	-1	7	57	2	-1	-1	1	2
1086	-1	-1	-1	-1	-1	7	57	2	-1	-1	1	3
1087	28554	69	7	55	54	7	57	3	1	3	1	1
1088	-1	-1	-1	-1	-1	7	57	3	-1	-1	1	2
1089	28549	76	7	55	49	7	57	5	1	4	1	3
1090	28557	68	7	55	57	7	57	5	1	4	1	1
1091	28528	98	7	55	28	7	57	6	4	2	1	2
1092	28559	67	7	55	59	7	57	6	1	4	1	3
1093	-1	-1	-1	-1	-1	7	57	7	-1	-1	1	2
1094	28564	64	7	56	4	7	57	8	1	3	1	1
1095	28561	68	7	56	1	7	57	9	1	3	1	3
1096	28551	78	7	55	51	7	57	9	1	4	1	2
1097	28558	72	7	55	58	7	57	10	1	3	1	2
1098	28568	64	7	56	8	7	57	12	1	4	1	2
1099	-1	-1	-1	-1	-1	7	57	14	-1	-1	1	2
1100	-1	-1	-1	-1	-1	7	57	14	-1	-1	1	3
1101	-1	-1	-1	-1	-1	7	57	17	-1	-1	1	1
1102	-1	-1	-1	-1	-1	7	57	22	-1	-1	1	2
1103	-1	-1	-1	-1	-1	7	57	22	-1	-1	1	3
1104	-1	-1	-1	-1	-1	7	57	24	-1	-1	1	2
1105	28403	242	7	53	23	7	57	25	3	2	1	2
1106	28567	79	7	56	7	7	57	26	1	4	1	3
1107	-1	-1	-1	-1	-1	7	57	28	-1	-1	1	3
1108	-1	-1	-1	-1	-1	7	57	29	-1	-1	1	2
1109	28571	79	7	56	11	7	57	30	1	3	1	3
1110	-1	-1	-1	-1	-1	7	57	33	-1	-1	1	3
1111	-1	-1	-1	-1	-1	7	57	36	-1	-1	1	3
1112	-1	-1	-1	-1	-1	7	57	36	-1	-1	1	2
1113	-1	-1	-1	-1	-1	7	57	37	-1	-1	1	2
1114	-1	-1	-1	-1	-1	7	57	45	-1	-1	1	3
1115	-1	-1	-1	-1	-1	7	57	46	-1	-1	1	2
1116	-1	-1	-1	-1	-1	7	57	49	-1	-1	1	3
1117	28541	148	7	55	41	7	58	9	4	2	1	3
1118	-1	-1	-1	-1	-1	7	58	15	-1	-1	1	1
1119	-1	-1	-1	-1	-1	7	58	16	-1	-1	1	3
1120	-1	-1	-1	-1	-1	7	58	50	-1	-1	1	3
1121	-1	-1	-1	-1	-1	7	58	51	-1	-1	1	1
1122	-1	-1	-1	-1	-1	7	58	55	-1	-1	1	3
1123	28645	93	7	57	25	7	58	58	4	2	1	1
1124	-1	-1	-1	-1	-1	7	58	59	-1	-1	1	3
1125	28669	71	7	57	49	7	59	0	1	2	1	1
1126	-1	-1	-1	-1	-1	7	59	0	-1	-1	1	2
1127	-1	-1	-1	-1	-1	7	59	2	-1	-1	1	3
1128	-1	-1	-1	-1	-1	7	59	3	-1	-1	1	2
1129	28677	67	7	57	57	7	59	4	1	4	1	3
1130	-1	-1	-1	-1	-1	7	59	5	-1	-1	1	2
1131	28674	72	7	57	54	7	59	6	1	3	1	1
1132	-1	-1	-1	-1	-1	7	59	7	-1	-1	1	2
1133	-1	-1	-1	-1	-1	7	59	9	-1	-1	1	1
1134	-1	-1	-1	-1	-1	7	59	10	-1	-1	1	3
1135	-1	-1	-1	-1	-1	7	59	10	-1	-1	1	2
1136	-1	-1	-1	-1	-1	7	59	11	-1	-1	1	3
1137	28666	86	7	57	46	7	59	12	1	3	1	2
1138	28679	74	7	57	59	7	59	13	1	4	1	3
1139	-1	-1	-1	-1	-1	7	59	15	-1	-1	1	2
1140	28676	79	7	57	56	7	59	15	1	2	1	1
1141	28679	78	7	57	59	7	59	17	1	3	1	1
1142	28687	70	7	58	7	7	59	17	1	3	1	3
1143	28653	104	7	57	33	7	59	17	4	2	1	2
1144	28685	74	7	58	5	7	59	19	1	4	1	3
1145	-1	-1	-1	-1	-1	7	59	19	-1	-1	1	2
1146	-1	-1	-1	-1	-1	7	59	20	-1	-1	1	3
1147	28691	70	7	58	11	7	59	21	1	3	1	1
1148	28689	72	7	58	9	7	59	21	1	3	1	2
1149	28692	71	7	58	12	7	59	23	1	4	1	2
1150	28695	70	7	58	15	7	59	25	1	3	1	2
1151	-1	-1	-1	-1	-1	7	59	26	-1	-1	1	1
1152	28674	92	7	57	54	7	59	26	1	4	1	3
1153	28697	70	7	58	17	7	59	27	1	3	1	2
1154	-1	-1	-1	-1	-1	7	59	29	-1	-1	1	1
1155	-1	-1	-1	-1	-1	7	59	29	-1	-1	1	3
1156	-1	-1	-1	-1	-1	7	59	31	-1	-1	1	2
1157	28710	62	7	58	30	7	59	32	1	3	1	1
1158	-1	-1	-1	-1	-1	7	59	37	-1	-1	1	3
1159	-1	-1	-1	-1	-1	7	59	37	-1	-1	1	2
1160	-1	-1	-1	-1	-1	7	59	40	-1	-1	1	2
1161	28672	111	7	57	52	7	59	43	1	4	1	3
1162	-1	-1	-1	-1	-1	7	59	57	-1	-1	1	3
1163	-1	-1	-1	-1	-1	8	0	1	-1	-1	1	3
1164	-1	-1	-1	-1	-1	8	0	4	-1	-1	1	3
1165	-1	-1	-1	-1	-1	8	0	18	-1	-1	1	3
1166	-1	-1	-1	-1	-1	8	0	32	-1	-1	1	1
1167	-1	-1	-1	-1	-1	8	0	49	-1	-1	1	3
1168	-1	-1	-1	-1	-1	8	0	49	-1	-1	1	2
1169	-1	-1	-1	-1	-1	8	0	51	-1	-1	1	1
1170	28766	85	7	59	26	8	0	51	4	2	1	3
1171	-1	-1	-1	-1	-1	8	0	53	-1	-1	1	2
1172	-1	-1	-1	-1	-1	8	0	53	-1	-1	1	1
1173	-1	-1	-1	-1	-1	8	0	54	-1	-1	1	3
1174	-1	-1	-1	-1	-1	8	0	55	-1	-1	1	2
1175	-1	-1	-1	-1	-1	8	0	56	-1	-1	1	3
1176	-1	-1	-1	-1	-1	8	0	58	-1	-1	1	2
1177	-1	-1	-1	-1	-1	8	0	58	-1	-1	1	3
1178	28791	69	7	59	51	8	1	0	1	2	1	1
1179	-1	-1	-1	-1	-1	8	1	0	-1	-1	1	2
1180	-1	-1	-1	-1	-1	8	1	1	-1	-1	1	3
1181	28805	57	8	0	5	8	1	2	1	2	1	1
1182	-1	-1	-1	-1	-1	8	1	3	-1	-1	1	2
1183	-1	-1	-1	-1	-1	8	1	4	-1	-1	1	2
1184	28795	70	7	59	55	8	1	5	1	3	1	3
1185	28799	68	7	59	59	8	1	7	1	4	1	1
1186	-1	-1	-1	-1	-1	8	1	7	-1	-1	1	2
1187	-1	-1	-1	-1	-1	8	1	7	-1	-1	1	3
1188	28739	129	7	58	59	8	1	8	1	2	1	2
1189	-1	-1	-1	-1	-1	8	1	9	-1	-1	1	1
1190	-1	-1	-1	-1	-1	8	1	10	-1	-1	1	2
1191	-1	-1	-1	-1	-1	8	1	10	-1	-1	1	3
1192	28799	72	7	59	59	8	1	11	1	3	1	1
1193	28801	71	8	0	1	8	1	12	1	4	1	3
1194	28804	69	8	0	4	8	1	13	1	3	1	1
1195	28802	71	8	0	2	8	1	13	1	3	1	3
1196	-1	-1	-1	-1	-1	8	1	13	-1	-1	1	2
1197	-1	-1	-1	-1	-1	8	1	15	-1	-1	1	2
1198	28806	70	8	0	6	8	1	16	1	3	1	3
1199	28623	254	7	57	3	8	1	17	4	3	1	2
1200	-1	-1	-1	-1	-1	8	1	19	-1	-1	1	3
1201	-1	-1	-1	-1	-1	8	1	19	-1	-1	1	1
1202	28812	68	8	0	12	8	1	20	1	3	1	2
1203	28806	76	8	0	6	8	1	22	1	4	1	3
1204	28828	55	8	0	28	8	1	23	1	3	1	1
1205	28808	75	8	0	8	8	1	23	1	4	1	2
1206	-1	-1	-1	-1	-1	8	1	25	-1	-1	1	2
1207	28811	75	8	0	11	8	1	26	1	3	1	3
1208	28817	70	8	0	17	8	1	27	1	3	1	2
1209	-1	-1	-1	-1	-1	8	1	27	-1	-1	1	1
1210	28812	76	8	0	12	8	1	28	1	4	1	3
1211	-1	-1	-1	-1	-1	8	1	30	-1	-1	1	3
1212	28825	65	8	0	25	8	1	30	1	3	1	2
1213	-1	-1	-1	-1	-1	8	1	32	-1	-1	1	3
1214	-1	-1	-1	-1	-1	8	1	34	-1	-1	1	3
1215	28815	82	8	0	15	8	1	37	1	3	1	2
1216	28820	79	8	0	20	8	1	39	1	3	1	2
1217	-1	-1	-1	-1	-1	8	1	40	-1	-1	1	1
1218	-1	-1	-1	-1	-1	8	1	41	-1	-1	1	3
1219	28823	80	8	0	23	8	1	43	1	4	1	2
1220	28822	83	8	0	22	8	1	45	1	3	1	3
1221	-1	-1	-1	-1	-1	8	1	47	-1	-1	1	3
1222	-1	-1	-1	-1	-1	8	1	52	-1	-1	1	3
1223	28820	151	8	0	20	8	2	51	1	4	1	2
1224	-1	-1	-1	-1	-1	8	2	53	-1	-1	1	3
1225	-1	-1	-1	-1	-1	8	2	55	-1	-1	1	2
1226	-1	-1	-1	-1	-1	8	2	55	-1	-1	1	3
1227	-1	-1	-1	-1	-1	8	2	55	-1	-1	1	1
1228	-1	-1	-1	-1	-1	8	2	57	-1	-1	1	3
1229	-1	-1	-1	-1	-1	8	2	58	-1	-1	1	1
1230	-1	-1	-1	-1	-1	8	2	58	-1	-1	1	2
1231	28916	64	8	1	56	8	3	0	1	3	1	1
1232	28873	108	8	1	13	8	3	1	4	2	1	3
1233	-1	-1	-1	-1	-1	8	3	2	-1	-1	1	2
1234	-1	-1	-1	-1	-1	8	3	3	-1	-1	1	3
1235	-1	-1	-1	-1	-1	8	3	4	-1	-1	1	2
1236	28926	59	8	2	6	8	3	5	1	4	1	1
1237	-1	-1	-1	-1	-1	8	3	5	-1	-1	1	2
1238	-1	-1	-1	-1	-1	8	3	6	-1	-1	1	3
1239	-1	-1	-1	-1	-1	8	3	8	-1	-1	1	2
1240	28910	79	8	1	50	8	3	9	1	4	1	1
1241	28887	102	8	1	27	8	3	9	1	3	1	3
1242	-1	-1	-1	-1	-1	8	3	10	-1	-1	1	2
1243	28912	79	8	1	52	8	3	11	1	3	1	3
1244	28899	93	8	1	39	8	3	12	4	2	1	2
1245	-1	-1	-1	-1	-1	8	3	13	-1	-1	1	3
1246	28919	75	8	1	59	8	3	14	1	4	1	3
1247	-1	-1	-1	-1	-1	8	3	14	-1	-1	1	2
1248	28928	68	8	2	8	8	3	16	1	4	1	3
1249	-1	-1	-1	-1	-1	8	3	17	-1	-1	1	2
1250	28917	82	8	1	57	8	3	19	1	4	1	3
1251	-1	-1	-1	-1	-1	8	3	19	-1	-1	1	2
1252	28927	72	8	2	7	8	3	19	1	2	1	1
1253	28925	75	8	2	5	8	3	20	1	3	1	3
1254	-1	-1	-1	-1	-1	8	3	21	-1	-1	1	1
1255	28923	78	8	2	3	8	3	21	1	3	1	2
1256	-1	-1	-1	-1	-1	8	3	24	-1	-1	1	2
1257	-1	-1	-1	-1	-1	8	3	25	-1	-1	1	3
1258	28933	73	8	2	13	8	3	26	1	3	1	2
1259	-1	-1	-1	-1	-1	8	3	27	-1	-1	1	3
1260	-1	-1	-1	-1	-1	8	3	27	-1	-1	1	1
1261	-1	-1	-1	-1	-1	8	3	28	-1	-1	1	2
1262	-1	-1	-1	-1	-1	8	3	29	-1	-1	1	1
1263	28931	78	8	2	11	8	3	29	1	3	1	3
1264	-1	-1	-1	-1	-1	8	3	30	-1	-1	1	2
1265	-1	-1	-1	-1	-1	8	3	31	-1	-1	1	3
1266	-1	-1	-1	-1	-1	8	3	32	-1	-1	1	2
1267	-1	-1	-1	-1	-1	8	3	34	-1	-1	1	1
1268	-1	-1	-1	-1	-1	8	3	34	-1	-1	1	2
1269	-1	-1	-1	-1	-1	8	3	35	-1	-1	1	3
1270	28943	75	8	2	23	8	3	38	1	3	1	3
1271	-1	-1	-1	-1	-1	8	3	40	-1	-1	1	3
1272	28947	73	8	2	27	8	3	40	1	3	1	2
1273	-1	-1	-1	-1	-1	8	3	47	-1	-1	1	3
1274	-1	-1	-1	-1	-1	8	3	50	-1	-1	1	3
1275	-1	-1	-1	-1	-1	8	3	56	-1	-1	1	3
1276	-1	-1	-1	-1	-1	8	4	4	-1	-1	1	3
1277	-1	-1	-1	-1	-1	8	4	5	-1	-1	1	1
1278	-1	-1	-1	-1	-1	8	4	7	-1	-1	1	3
1279	-1	-1	-1	-1	-1	8	4	50	-1	-1	1	1
1280	-1	-1	-1	-1	-1	8	4	51	-1	-1	1	3
1281	-1	-1	-1	-1	-1	8	4	54	-1	-1	1	1
1282	-1	-1	-1	-1	-1	8	4	54	-1	-1	1	2
1283	-1	-1	-1	-1	-1	8	4	54	-1	-1	1	3
1284	-1	-1	-1	-1	-1	8	4	57	-1	-1	1	3
1285	29005	94	8	3	25	8	4	59	4	2	1	2
1286	-1	-1	-1	-1	-1	8	5	0	-1	-1	1	3
1287	28992	109	8	3	12	8	5	1	1	2	1	1
1288	-1	-1	-1	-1	-1	8	5	2	-1	-1	1	2
1289	-1	-1	-1	-1	-1	8	5	2	-1	-1	1	3
1290	-1	-1	-1	-1	-1	8	5	5	-1	-1	1	3
1291	29029	76	8	3	49	8	5	5	1	3	1	1
1292	-1	-1	-1	-1	-1	8	5	7	-1	-1	1	2
1293	29038	69	8	3	58	8	5	7	1	2	1	3
1294	-1	-1	-1	-1	-1	8	5	10	-1	-1	1	3
1295	29047	63	8	4	7	8	5	10	1	3	1	1
1296	29018	93	8	3	38	8	5	11	4	2	1	2
1297	29035	78	8	3	55	8	5	13	1	4	1	3
1298	28971	143	8	2	51	8	5	14	1	3	1	2
1299	-1	-1	-1	-1	-1	8	5	16	-1	-1	1	2
1300	29041	75	8	4	1	8	5	16	1	4	1	3
1301	29035	83	8	3	55	8	5	18	1	3	1	2
1302	29043	75	8	4	3	8	5	18	1	3	1	3
1303	29042	78	8	4	2	8	5	20	1	3	1	2
1304	29044	76	8	4	4	8	5	20	1	3	1	3
1305	-1	-1	-1	-1	-1	8	5	23	-1	-1	1	2
1306	28961	163	8	2	41	8	5	24	1	4	1	3
1307	29033	92	8	3	53	8	5	25	1	3	1	1
1308	-1	-1	-1	-1	-1	8	5	26	-1	-1	1	2
1309	-1	-1	-1	-1	-1	8	5	27	-1	-1	1	3
1310	-1	-1	-1	-1	-1	8	5	27	-1	-1	1	2
1311	-1	-1	-1	-1	-1	8	5	28	-1	-1	1	1
1312	-1	-1	-1	-1	-1	8	5	29	-1	-1	1	3
1313	29039	91	8	3	59	8	5	30	1	3	1	2
1314	29056	74	8	4	16	8	5	30	1	3	1	1
1315	29047	84	8	4	7	8	5	31	1	4	1	3
1316	-1	-1	-1	-1	-1	8	5	31	-1	-1	1	2
1317	29060	72	8	4	20	8	5	32	1	3	1	1
1318	-1	-1	-1	-1	-1	8	5	33	-1	-1	1	3
1319	-1	-1	-1	-1	-1	8	5	33	-1	-1	1	2
1320	-1	-1	-1	-1	-1	8	5	34	-1	-1	1	3
1321	29070	66	8	4	30	8	5	36	1	3	1	1
1322	-1	-1	-1	-1	-1	8	5	37	-1	-1	1	1
1323	-1	-1	-1	-1	-1	8	5	37	-1	-1	1	2
1324	-1	-1	-1	-1	-1	8	5	41	-1	-1	1	2
1325	29068	80	8	4	28	8	5	48	1	4	1	3
1326	29071	80	8	4	31	8	5	51	1	4	1	3
1327	-1	-1	-1	-1	-1	8	6	1	-1	-1	1	3
1328	-1	-1	-1	-1	-1	8	6	7	-1	-1	1	1
1329	-1	-1	-1	-1	-1	8	6	13	-1	-1	1	3
1330	-1	-1	-1	-1	-1	8	6	15	-1	-1	1	3
1331	29024	155	8	3	44	8	6	19	4	2	1	3
1332	-1	-1	-1	-1	-1	8	6	21	-1	-1	1	3
1333	29068	143	8	4	28	8	6	51	1	3	1	2
1334	-1	-1	-1	-1	-1	8	6	51	-1	-1	1	3
1335	-1	-1	-1	-1	-1	8	6	54	-1	-1	1	1
1336	-1	-1	-1	-1	-1	8	6	54	-1	-1	1	3
1337	29073	141	8	4	33	8	6	54	1	4	1	2
1338	-1	-1	-1	-1	-1	8	6	57	-1	-1	1	1
1339	29130	87	8	5	30	8	6	57	4	2	1	3
1340	-1	-1	-1	-1	-1	8	6	59	-1	-1	1	2
1341	-1	-1	-1	-1	-1	8	6	59	-1	-1	1	1
1342	-1	-1	-1	-1	-1	8	7	0	-1	-1	1	3
1343	-1	-1	-1	-1	-1	8	7	1	-1	-1	1	2
1344	-1	-1	-1	-1	-1	8	7	2	-1	-1	1	1
1345	-1	-1	-1	-1	-1	8	7	3	-1	-1	1	2
1346	29134	89	8	5	34	8	7	3	4	2	1	3
1347	-1	-1	-1	-1	-1	8	7	5	-1	-1	1	2
1348	-1	-1	-1	-1	-1	8	7	5	-1	-1	1	1
1349	-1	-1	-1	-1	-1	8	7	6	-1	-1	1	3
1350	29127	101	8	5	27	8	7	8	4	2	1	2
1351	-1	-1	-1	-1	-1	8	7	9	-1	-1	1	3
1352	29149	81	8	5	49	8	7	10	1	3	1	2
1353	29167	63	8	6	7	8	7	10	1	3	1	1
1354	29152	80	8	5	52	8	7	12	1	4	1	3
1355	-1	-1	-1	-1	-1	8	7	12	-1	-1	1	2
1356	29175	58	8	6	15	8	7	13	1	4	1	1
1357	-1	-1	-1	-1	-1	8	7	14	-1	-1	1	2
1358	-1	-1	-1	-1	-1	8	7	15	-1	-1	1	1
1359	29084	152	8	4	44	8	7	16	1	4	1	2
1360	29156	81	8	5	56	8	7	17	1	3	1	1
1361	29154	84	8	5	54	8	7	18	1	4	1	3
1362	29163	75	8	6	3	8	7	18	1	3	1	1
1363	29076	163	8	4	36	8	7	19	1	3	1	2
1364	29180	60	8	6	20	8	7	20	1	3	1	1
1365	-1	-1	-1	-1	-1	8	7	21	-1	-1	1	2
1366	29170	72	8	6	10	8	7	22	1	3	1	3
1367	-1	-1	-1	-1	-1	8	7	23	-1	-1	1	1
1368	29165	78	8	6	5	8	7	23	1	3	1	2
1369	-1	-1	-1	-1	-1	8	7	25	-1	-1	1	2
1370	-1	-1	-1	-1	-1	8	7	27	-1	-1	1	1
1371	29152	97	8	5	52	8	7	29	1	3	1	2
1372	29176	73	8	6	16	8	7	29	1	3	1	1
1373	29160	89	8	6	0	8	7	29	1	4	1	3
1374	29164	86	8	6	4	8	7	30	1	4	1	2
1375	29167	84	8	6	7	8	7	31	1	4	1	3
1376	29178	73	8	6	18	8	7	31	1	4	1	1
1377	29173	79	8	6	13	8	7	32	1	3	1	2
1378	29174	79	8	6	14	8	7	33	1	4	1	3
1379	-1	-1	-1	-1	-1	8	7	34	-1	-1	1	2
1380	-1	-1	-1	-1	-1	8	7	35	-1	-1	1	2
1381	29182	74	8	6	22	8	7	36	1	3	1	2
1382	29178	78	8	6	18	8	7	36	1	3	1	3
1383	-1	-1	-1	-1	-1	8	7	37	-1	-1	1	2
1384	-1	-1	-1	-1	-1	8	7	37	-1	-1	1	1
1385	-1	-1	-1	-1	-1	8	7	38	-1	-1	1	2
1386	-1	-1	-1	-1	-1	8	7	40	-1	-1	1	3
1387	-1	-1	-1	-1	-1	8	7	42	-1	-1	1	3
1388	-1	-1	-1	-1	-1	8	7	42	-1	-1	1	2
1389	29193	75	8	6	33	8	7	48	1	3	1	1
1390	-1	-1	-1	-1	-1	8	8	48	-1	-1	1	3
1391	29187	143	8	6	27	8	8	50	1	4	1	2
1392	-1	-1	-1	-1	-1	8	8	52	-1	-1	1	2
1393	-1	-1	-1	-1	-1	8	8	52	-1	-1	1	3
1394	29144	191	8	5	44	8	8	55	4	2	1	3
1395	29191	144	8	6	31	8	8	55	1	3	1	2
1396	29246	90	8	7	26	8	8	56	4	2	1	1
1397	-1	-1	-1	-1	-1	8	8	57	-1	-1	1	2
1398	-1	-1	-1	-1	-1	8	8	57	-1	-1	1	3
1399	29248	91	8	7	28	8	8	59	4	2	1	3
1400	-1	-1	-1	-1	-1	8	9	0	-1	-1	1	1
1401	-1	-1	-1	-1	-1	8	9	1	-1	-1	1	3
1402	-1	-1	-1	-1	-1	8	9	1	-1	-1	1	2
1403	-1	-1	-1	-1	-1	8	9	3	-1	-1	1	3
1404	-1	-1	-1	-1	-1	8	9	4	-1	-1	1	2
1405	-1	-1	-1	-1	-1	8	9	5	-1	-1	1	1
1406	-1	-1	-1	-1	-1	8	9	5	-1	-1	1	3
1407	-1	-1	-1	-1	-1	8	9	7	-1	-1	1	3
1408	-1	-1	-1	-1	-1	8	9	8	-1	-1	1	2
1409	-1	-1	-1	-1	-1	8	9	9	-1	-1	1	2
1410	29229	120	8	7	9	8	9	9	1	3	1	3
1411	-1	-1	-1	-1	-1	8	9	10	-1	-1	1	1
1412	29273	78	8	7	53	8	9	11	1	2	1	2
1413	29290	62	8	8	10	8	9	12	1	3	1	1
1414	-1	-1	-1	-1	-1	8	9	13	-1	-1	1	3
1415	29230	124	8	7	10	8	9	14	4	3	1	2
1416	29293	62	8	8	13	8	9	15	1	3	1	1
1417	29273	83	8	7	53	8	9	16	1	3	1	2
1418	-1	-1	-1	-1	-1	8	9	17	-1	-1	1	1
1419	-1	-1	-1	-1	-1	8	9	17	-1	-1	1	3
1420	-1	-1	-1	-1	-1	8	9	18	-1	-1	1	2
1421	29233	126	8	7	13	8	9	19	1	4	1	3
1422	29295	66	8	8	15	8	9	21	1	3	1	1
1423	29269	92	8	7	49	8	9	21	1	4	1	3
1424	29269	94	8	7	49	8	9	23	1	3	1	2
1425	29297	66	8	8	17	8	9	23	1	4	1	1
1426	29276	89	8	7	56	8	9	25	1	3	1	2
1427	29279	86	8	7	59	8	9	25	1	4	1	3
1428	29283	83	8	8	3	8	9	26	1	4	1	2
1429	29275	92	8	7	55	8	9	27	1	4	1	3
1430	29298	70	8	8	18	8	9	28	1	3	1	1
1431	29277	92	8	7	57	8	9	29	1	4	1	2
1432	29287	83	8	8	7	8	9	30	1	3	1	3
1433	-1	-1	-1	-1	-1	8	9	30	-1	-1	1	1
1434	29289	82	8	8	9	8	9	31	1	3	1	2
1435	29285	87	8	8	5	8	9	32	1	3	1	3
1436	29292	81	8	8	12	8	9	33	1	3	1	2
1437	29292	82	8	8	12	8	9	34	1	4	1	3
1438	-1	-1	-1	-1	-1	8	9	34	-1	-1	1	1
1439	29294	81	8	8	14	8	9	35	1	4	1	2
1440	29296	79	8	8	16	8	9	35	1	3	1	3
1441	29301	76	8	8	21	8	9	37	1	3	1	2
1442	-1	-1	-1	-1	-1	8	9	37	-1	-1	1	3
1443	29307	71	8	8	27	8	9	38	1	4	1	1
1444	-1	-1	-1	-1	-1	8	9	41	-1	-1	1	3
1445	-1	-1	-1	-1	-1	8	9	42	-1	-1	1	2
1446	29304	80	8	8	24	8	9	44	1	3	1	1
1447	-1	-1	-1	-1	-1	8	9	45	-1	-1	1	3
1448	-1	-1	-1	-1	-1	8	10	50	-1	-1	1	2
1449	-1	-1	-1	-1	-1	8	10	51	-1	-1	1	1
1450	-1	-1	-1	-1	-1	8	10	51	-1	-1	1	3
1451	-1	-1	-1	-1	-1	8	10	53	-1	-1	1	2
1452	-1	-1	-1	-1	-1	8	10	53	-1	-1	1	1
1453	-1	-1	-1	-1	-1	8	10	54	-1	-1	1	3
1454	-1	-1	-1	-1	-1	8	10	56	-1	-1	1	3
1455	29295	161	8	8	15	8	10	56	1	4	1	2
1456	29389	69	8	9	49	8	10	58	1	3	1	1
1457	29347	111	8	9	7	8	10	58	4	2	1	3
1458	29306	153	8	8	26	8	10	59	1	3	1	2
1459	-1	-1	-1	-1	-1	8	11	1	-1	-1	1	3
1460	-1	-1	-1	-1	-1	8	11	1	-1	-1	1	1
1461	-1	-1	-1	-1	-1	8	11	2	-1	-1	1	2
1462	29394	69	8	9	54	8	11	3	1	4	1	1
1463	-1	-1	-1	-1	-1	8	11	4	-1	-1	1	2
1464	-1	-1	-1	-1	-1	8	11	4	-1	-1	1	3
1465	-1	-1	-1	-1	-1	8	11	5	-1	-1	1	1
1466	-1	-1	-1	-1	-1	8	11	6	-1	-1	1	2
1467	-1	-1	-1	-1	-1	8	11	7	-1	-1	1	3
1468	29410	58	8	10	10	8	11	8	1	3	1	1
1469	29400	68	8	10	0	8	11	8	1	3	1	3
1470	29411	58	8	10	11	8	11	9	1	3	1	1
1471	-1	-1	-1	-1	-1	8	11	10	-1	-1	1	2
1472	29393	78	8	9	53	8	11	11	1	3	1	3
1473	-1	-1	-1	-1	-1	8	11	11	-1	-1	1	2
1474	29341	132	8	9	1	8	11	13	1	3	1	2
1475	29400	73	8	10	0	8	11	13	1	4	1	3
1476	29413	60	8	10	13	8	11	13	1	3	1	1
1477	29396	79	8	9	56	8	11	15	1	3	1	2
1478	-1	-1	-1	-1	-1	8	11	16	-1	-1	1	1
1479	-1	-1	-1	-1	-1	8	11	17	-1	-1	1	2
1480	29090	388	8	4	50	8	11	18	3	2	1	2
1481	29085	394	8	4	45	8	11	19	3	2	1	2
1482	29418	64	8	10	18	8	11	22	1	3	1	2
1483	-1	-1	-1	-1	-1	8	11	22	-1	-1	1	3
1484	-1	-1	-1	-1	-1	8	11	24	-1	-1	1	2
1485	29406	79	8	10	6	8	11	25	1	3	1	3
1486	29407	80	8	10	7	8	11	27	1	4	1	3
1487	29421	69	8	10	21	8	11	30	1	3	1	2
1488	29408	82	8	10	8	8	11	30	1	3	1	3
1489	-1	-1	-1	-1	-1	8	11	31	-1	-1	1	1
1490	-1	-1	-1	-1	-1	8	11	32	-1	-1	1	2
1491	29418	75	8	10	18	8	11	33	1	4	1	2
1492	29409	84	8	10	9	8	11	33	1	4	1	3
1493	29424	72	8	10	24	8	11	36	1	3	1	2
1494	-1	-1	-1	-1	-1	8	11	36	-1	-1	1	3
1495	-1	-1	-1	-1	-1	8	11	37	-1	-1	1	2
1496	-1	-1	-1	-1	-1	8	11	40	-1	-1	1	3
1497	29425	77	8	10	25	8	11	42	1	4	1	3
1498	-1	-1	-1	-1	-1	8	11	42	-1	-1	1	2
1499	-1	-1	-1	-1	-1	8	11	49	-1	-1	1	1
1500	-1	-1	-1	-1	-1	8	11	55	-1	-1	1	3
1501	-1	-1	-1	-1	-1	8	12	49	-1	-1	1	1
1502	-1	-1	-1	-1	-1	8	12	51	-1	-1	1	2
1503	-1	-1	-1	-1	-1	8	12	52	-1	-1	1	3
1504	-1	-1	-1	-1	-1	8	12	52	-1	-1	1	1
1505	-1	-1	-1	-1	-1	8	12	53	-1	-1	1	2
1506	29495	80	8	11	35	8	12	55	4	2	1	1
1507	-1	-1	-1	-1	-1	8	12	55	-1	-1	1	3
1508	-1	-1	-1	-1	-1	8	12	56	-1	-1	1	2
1509	-1	-1	-1	-1	-1	8	12	57	-1	-1	1	3
1510	-1	-1	-1	-1	-1	8	12	57	-1	-1	1	1
1511	29458	120	8	10	58	8	12	58	1	4	1	1
1512	-1	-1	-1	-1	-1	8	12	58	-1	-1	1	2
1513	-1	-1	-1	-1	-1	8	12	59	-1	-1	1	3
1514	-1	-1	-1	-1	-1	8	13	0	-1	-1	1	2
1515	29510	71	8	11	50	8	13	1	1	3	1	1
1516	29463	119	8	11	3	8	13	2	4	3	1	2
1517	29515	68	8	11	55	8	13	3	1	3	1	2
1518	-1	-1	-1	-1	-1	8	13	4	-1	-1	1	3
1519	29486	99	8	11	26	8	13	5	4	2	1	2
1520	-1	-1	-1	-1	-1	8	13	7	-1	-1	1	3
1521	-1	-1	-1	-1	-1	8	13	9	-1	-1	1	2
1522	-1	-1	-1	-1	-1	8	13	9	-1	-1	1	3
1523	-1	-1	-1	-1	-1	8	13	11	-1	-1	1	3
1524	-1	-1	-1	-1	-1	8	13	13	-1	-1	1	2
1525	29520	74	8	12	0	8	13	14	1	3	1	3
1526	-1	-1	-1	-1	-1	8	13	14	-1	-1	1	2
1527	29528	68	8	12	8	8	13	16	1	3	1	3
1528	29461	135	8	11	1	8	13	16	1	2	1	2
1529	-1	-1	-1	-1	-1	8	13	17	-1	-1	1	2
1530	29526	73	8	12	6	8	13	19	1	3	1	2
1531	29517	82	8	11	57	8	13	19	1	3	1	3
1532	-1	-1	-1	-1	-1	8	13	20	-1	-1	1	1
1533	-1	-1	-1	-1	-1	8	13	21	-1	-1	1	2
1534	29522	79	8	12	2	8	13	21	1	3	1	3
1535	-1	-1	-1	-1	-1	8	13	22	-1	-1	1	1
1536	-1	-1	-1	-1	-1	8	13	22	-1	-1	1	3
1537	-1	-1	-1	-1	-1	8	13	23	-1	-1	1	2
1538	-1	-1	-1	-1	-1	8	13	24	-1	-1	1	1
1539	29535	70	8	12	15	8	13	25	1	3	1	3
1540	-1	-1	-1	-1	-1	8	13	25	-1	-1	1	2
1541	-1	-1	-1	-1	-1	8	13	26	-1	-1	1	1
1542	29530	78	8	12	10	8	13	28	1	3	1	2
1543	-1	-1	-1	-1	-1	8	13	29	-1	-1	1	3
1544	29541	68	8	12	21	8	13	29	1	3	1	1
1545	-1	-1	-1	-1	-1	8	13	29	-1	-1	1	2
1546	29536	74	8	12	16	8	13	30	1	3	1	2
1547	29539	72	8	12	19	8	13	31	1	4	1	3
1548	29541	71	8	12	21	8	13	32	1	4	1	3
1549	29534	79	8	12	14	8	13	33	1	3	1	2
1550	29542	72	8	12	22	8	13	34	1	3	1	3
1551	29538	76	8	12	18	8	13	34	1	3	1	2
1552	-1	-1	-1	-1	-1	8	13	37	-1	-1	1	2
1553	-1	-1	-1	-1	-1	8	13	38	-1	-1	1	3
1554	-1	-1	-1	-1	-1	8	13	39	-1	-1	1	2
1555	-1	-1	-1	-1	-1	8	13	40	-1	-1	1	1
1556	-1	-1	-1	-1	-1	8	13	42	-1	-1	1	3
1557	-1	-1	-1	-1	-1	8	13	44	-1	-1	1	2
1558	-1	-1	-1	-1	-1	8	13	48	-1	-1	1	1
1559	29613	76	8	13	33	8	14	49	4	2	1	1
1560	-1	-1	-1	-1	-1	8	14	49	-1	-1	1	3
1561	-1	-1	-1	-1	-1	8	14	50	-1	-1	1	2
1562	-1	-1	-1	-1	-1	8	14	52	-1	-1	1	1
1563	-1	-1	-1	-1	-1	8	14	52	-1	-1	1	2
1564	-1	-1	-1	-1	-1	8	14	55	-1	-1	1	2
1565	-1	-1	-1	-1	-1	8	14	55	-1	-1	1	3
1566	-1	-1	-1	-1	-1	8	14	58	-1	-1	1	2
1567	-1	-1	-1	-1	-1	8	14	59	-1	-1	1	3
1568	-1	-1	-1	-1	-1	8	15	0	-1	-1	1	2
1569	-1	-1	-1	-1	-1	8	15	1	-1	-1	1	3
1570	29640	61	8	14	0	8	15	1	1	3	1	1
1571	-1	-1	-1	-1	-1	8	15	2	-1	-1	1	2
1572	29311	392	8	8	31	8	15	3	1	3	1	3
1573	29641	63	8	14	1	8	15	4	1	4	1	2
1574	29565	141	8	12	45	8	15	6	1	3	1	3
1575	-1	-1	-1	-1	-1	8	15	6	-1	-1	1	2
1576	29644	63	8	14	4	8	15	7	1	3	1	2
1577	29638	70	8	13	58	8	15	8	1	3	1	3
1578	-1	-1	-1	-1	-1	8	15	9	-1	-1	1	2
1579	29651	58	8	14	11	8	15	9	1	4	1	1
1580	29642	68	8	14	2	8	15	10	1	4	1	3
1581	29642	70	8	14	2	8	15	12	1	3	1	3
1582	29651	61	8	14	11	8	15	12	1	3	1	2
1583	29644	69	8	14	4	8	15	13	1	4	1	1
1584	29646	69	8	14	6	8	15	15	1	4	1	1
1585	29648	67	8	14	8	8	15	15	1	3	1	2
1586	29636	79	8	13	56	8	15	15	1	4	1	3
1587	-1	-1	-1	-1	-1	8	15	17	-1	-1	1	1
1588	29650	69	8	14	10	8	15	19	1	4	1	2
1589	29633	86	8	13	53	8	15	19	1	4	1	3
1590	-1	-1	-1	-1	-1	8	15	20	-1	-1	1	2
1591	-1	-1	-1	-1	-1	8	15	22	-1	-1	1	1
1592	29656	66	8	14	16	8	15	22	1	3	1	2
1593	29660	64	8	14	20	8	15	24	1	3	1	3
1594	-1	-1	-1	-1	-1	8	15	25	-1	-1	1	2
1595	-1	-1	-1	-1	-1	8	15	26	-1	-1	1	3
1596	29648	80	8	14	8	8	15	28	1	4	1	3
1597	-1	-1	-1	-1	-1	8	15	30	-1	-1	1	2
1598	-1	-1	-1	-1	-1	8	15	32	-1	-1	1	1
1599	-1	-1	-1	-1	-1	8	15	33	-1	-1	1	2
1600	-1	-1	-1	-1	-1	8	15	36	-1	-1	1	3
1601	-1	-1	-1	-1	-1	8	15	56	-1	-1	1	3
1602	-1	-1	-1	-1	-1	8	16	1	-1	-1	1	2
1603	29621	151	8	13	41	8	16	12	4	2	1	1
1604	-1	-1	-1	-1	-1	8	16	49	-1	-1	1	2
1605	29704	107	8	15	4	8	16	51	4	3	1	1
1606	-1	-1	-1	-1	-1	8	16	51	-1	-1	1	3
1607	29713	100	8	15	13	8	16	53	4	2	1	2
1608	-1	-1	-1	-1	-1	8	16	54	-1	-1	1	1
1609	29724	92	8	15	24	8	16	56	4	2	1	2
1610	-1	-1	-1	-1	-1	8	16	58	-1	-1	1	2
1611	-1	-1	-1	-1	-1	8	16	58	-1	-1	1	3
1612	-1	-1	-1	-1	-1	8	17	0	-1	-1	1	3
1613	29756	65	8	15	56	8	17	1	1	2	1	1
1614	-1	-1	-1	-1	-1	8	17	2	-1	-1	1	3
1615	-1	-1	-1	-1	-1	8	17	2	-1	-1	1	2
1616	-1	-1	-1	-1	-1	8	17	4	-1	-1	1	3
1617	-1	-1	-1	-1	-1	8	17	4	-1	-1	1	2
1618	-1	-1	-1	-1	-1	8	17	6	-1	-1	1	2
1619	29759	67	8	15	59	8	17	6	1	3	1	1
1620	-1	-1	-1	-1	-1	8	17	6	-1	-1	1	3
1621	29754	74	8	15	54	8	17	8	1	4	1	2
1622	-1	-1	-1	-1	-1	8	17	9	-1	-1	1	3
1623	-1	-1	-1	-1	-1	8	17	10	-1	-1	1	2
1624	-1	-1	-1	-1	-1	8	17	11	-1	-1	1	3
1625	29769	63	8	16	9	8	17	12	1	4	1	1
1626	-1	-1	-1	-1	-1	8	17	14	-1	-1	1	2
1627	29727	107	8	15	27	8	17	14	4	2	1	3
1628	29758	76	8	15	58	8	17	14	1	2	1	1
1629	-1	-1	-1	-1	-1	8	17	16	-1	-1	1	2
1630	-1	-1	-1	-1	-1	8	17	16	-1	-1	1	3
1631	29756	82	8	15	56	8	17	18	1	3	1	2
1632	29754	87	8	15	54	8	17	21	1	3	1	2
1633	29762	80	8	16	2	8	17	22	1	4	1	2
1634	-1	-1	-1	-1	-1	8	17	22	-1	-1	1	1
1635	-1	-1	-1	-1	-1	8	17	23	-1	-1	1	3
1636	29737	107	8	15	37	8	17	24	4	2	1	3
1637	29765	79	8	16	5	8	17	24	1	3	1	2
1638	-1	-1	-1	-1	-1	8	17	25	-1	-1	1	1
1639	29749	97	8	15	49	8	17	26	1	4	1	3
1640	29770	76	8	16	10	8	17	26	1	3	1	2
1641	29781	67	8	16	21	8	17	28	1	4	1	1
1642	29776	72	8	16	16	8	17	28	1	3	1	2
1643	29749	100	8	15	49	8	17	29	1	3	1	3
1644	29767	83	8	16	7	8	17	30	1	3	1	2
1645	29775	76	8	16	15	8	17	31	1	4	1	3
1646	-1	-1	-1	-1	-1	8	17	32	-1	-1	1	1
1647	-1	-1	-1	-1	-1	8	17	32	-1	-1	1	2
1648	-1	-1	-1	-1	-1	8	17	33	-1	-1	1	1
1649	29762	91	8	16	2	8	17	33	1	3	1	3
1650	-1	-1	-1	-1	-1	8	17	34	-1	-1	1	2
1651	29772	83	8	16	12	8	17	35	1	3	1	3
1652	-1	-1	-1	-1	-1	8	17	37	-1	-1	1	2
1653	29757	102	8	15	57	8	17	39	1	4	1	3
1654	29767	94	8	16	7	8	17	41	1	4	1	3
1655	29778	83	8	16	18	8	17	41	1	4	1	2
1656	29784	80	8	16	24	8	17	44	1	3	1	3
1657	29774	93	8	16	14	8	17	47	1	3	1	3
1658	29788	85	8	16	28	8	17	53	1	3	1	3
1659	-1	-1	-1	-1	-1	8	18	0	-1	-1	1	1
1660	-1	-1	-1	-1	-1	8	18	48	-1	-1	1	3
1661	-1	-1	-1	-1	-1	8	18	50	-1	-1	1	2
1662	-1	-1	-1	-1	-1	8	18	52	-1	-1	1	3
1663	-1	-1	-1	-1	-1	8	18	54	-1	-1	1	3
1664	-1	-1	-1	-1	-1	8	18	55	-1	-1	1	1
1665	-1	-1	-1	-1	-1	8	18	55	-1	-1	1	2
1666	-1	-1	-1	-1	-1	8	18	56	-1	-1	1	3
1667	-1	-1	-1	-1	-1	8	18	57	-1	-1	1	2
1668	29873	65	8	17	53	8	18	58	1	4	1	3
1669	-1	-1	-1	-1	-1	8	18	59	-1	-1	1	2
1670	29873	67	8	17	53	8	19	0	1	3	1	3
1671	29870	70	8	17	50	8	19	0	1	2	1	1
1672	-1	-1	-1	-1	-1	8	19	2	-1	-1	1	2
1673	-1	-1	-1	-1	-1	8	19	2	-1	-1	1	3
1674	29810	134	8	16	50	8	19	4	3	2	1	3
1675	-1	-1	-1	-1	-1	8	19	4	-1	-1	1	2
1676	29883	62	8	18	3	8	19	5	1	3	1	1
1677	-1	-1	-1	-1	-1	8	19	6	-1	-1	1	2
1678	29876	70	8	17	56	8	19	6	1	4	1	3
1679	29855	93	8	17	35	8	19	8	1	4	1	3
1680	-1	-1	-1	-1	-1	8	19	8	-1	-1	1	2
1681	29884	66	8	18	4	8	19	10	1	3	1	1
1682	29876	74	8	17	56	8	19	10	1	3	1	3
1683	29840	111	8	17	20	8	19	11	1	3	1	2
1684	29881	72	8	18	1	8	19	13	1	3	1	2
1685	-1	-1	-1	-1	-1	8	19	13	-1	-1	1	3
1686	-1	-1	-1	-1	-1	8	19	15	-1	-1	1	3
1687	-1	-1	-1	-1	-1	8	19	16	-1	-1	1	2
1688	29895	62	8	18	15	8	19	17	1	3	1	1
1689	-1	-1	-1	-1	-1	8	19	17	-1	-1	1	3
1690	29889	69	8	18	9	8	19	18	1	3	1	2
1691	29881	79	8	18	1	8	19	20	1	4	1	2
1692	29893	68	8	18	13	8	19	21	1	3	1	3
1693	-1	-1	-1	-1	-1	8	19	22	-1	-1	1	1
1694	29889	74	8	18	9	8	19	23	1	4	1	2
1695	29894	71	8	18	14	8	19	25	1	4	1	2
1696	-1	-1	-1	-1	-1	8	19	26	-1	-1	1	2
1697	29879	88	8	17	59	8	19	27	1	4	1	3
1698	-1	-1	-1	-1	-1	8	19	31	-1	-1	1	2
1699	-1	-1	-1	-1	-1	8	19	37	-1	-1	1	2
1700	-1	-1	-1	-1	-1	8	19	51	-1	-1	1	2
1701	-1	-1	-1	-1	-1	8	20	9	-1	-1	1	1
1702	-1	-1	-1	-1	-1	8	20	12	-1	-1	1	3
1703	-1	-1	-1	-1	-1	8	20	17	-1	-1	1	3
1704	-1	-1	-1	-1	-1	8	20	51	-1	-1	1	3
1705	-1	-1	-1	-1	-1	8	20	51	-1	-1	1	2
1706	-1	-1	-1	-1	-1	8	20	52	-1	-1	1	3
1707	29967	86	8	19	27	8	20	53	4	3	1	1
1708	-1	-1	-1	-1	-1	8	20	54	-1	-1	1	2
1709	29947	108	8	19	7	8	20	55	4	2	1	3
1710	29945	111	8	19	5	8	20	56	4	2	1	2
1711	-1	-1	-1	-1	-1	8	20	57	-1	-1	1	1
1712	-1	-1	-1	-1	-1	8	20	58	-1	-1	1	3
1713	-1	-1	-1	-1	-1	8	20	59	-1	-1	1	2
1714	-1	-1	-1	-1	-1	8	21	0	-1	-1	1	1
1715	-1	-1	-1	-1	-1	8	21	0	-1	-1	1	3
1716	-1	-1	-1	-1	-1	8	21	1	-1	-1	1	2
1717	29972	91	8	19	32	8	21	3	4	2	1	3
1718	29940	125	8	19	0	8	21	5	1	4	1	3
1719	-1	-1	-1	-1	-1	8	21	5	-1	-1	1	2
1720	29949	117	8	19	9	8	21	6	1	2	1	1
1721	-1	-1	-1	-1	-1	8	21	7	-1	-1	1	2
1722	-1	-1	-1	-1	-1	8	21	7	-1	-1	1	3
1723	29992	77	8	19	52	8	21	9	1	3	1	2
1724	29991	78	8	19	51	8	21	9	1	4	1	3
1725	29980	91	8	19	40	8	21	11	4	2	1	2
1726	-1	-1	-1	-1	-1	8	21	12	-1	-1	1	2
1727	30002	72	8	20	2	8	21	14	1	2	1	2
1728	-1	-1	-1	-1	-1	8	21	14	-1	-1	1	1
1729	-1	-1	-1	-1	-1	8	21	15	-1	-1	1	3
1730	-1	-1	-1	-1	-1	8	21	16	-1	-1	1	2
1731	29995	82	8	19	55	8	21	17	1	4	1	3
1732	-1	-1	-1	-1	-1	8	21	18	-1	-1	1	2
1733	-1	-1	-1	-1	-1	8	21	19	-1	-1	1	2
1734	30002	77	8	20	2	8	21	19	1	4	1	3
1735	-1	-1	-1	-1	-1	8	21	21	-1	-1	1	2
1736	-1	-1	-1	-1	-1	8	21	22	-1	-1	1	2
1737	-1	-1	-1	-1	-1	8	21	23	-1	-1	1	1
1738	30003	81	8	20	3	8	21	24	1	3	1	2
1739	-1	-1	-1	-1	-1	8	21	27	-1	-1	1	2
1740	30008	79	8	20	8	8	21	27	1	3	1	3
1741	30019	70	8	20	19	8	21	29	1	3	1	2
1742	30021	70	8	20	21	8	21	31	1	3	1	2
1743	30012	81	8	20	12	8	21	33	1	3	1	2
1744	30007	86	8	20	7	8	21	33	1	4	1	3
1745	30014	81	8	20	14	8	21	35	1	3	1	2
1746	-1	-1	-1	-1	-1	8	21	35	-1	-1	1	1
1747	30012	84	8	20	12	8	21	36	1	4	1	3
1748	30017	79	8	20	17	8	21	36	1	4	1	2
1749	30014	84	8	20	14	8	21	38	1	4	1	3
1750	-1	-1	-1	-1	-1	8	21	38	-1	-1	1	1
1751	30027	73	8	20	27	8	21	40	1	3	1	2
1752	-1	-1	-1	-1	-1	8	21	42	-1	-1	1	1
1753	30024	78	8	20	24	8	21	42	1	3	1	3
1754	-1	-1	-1	-1	-1	8	21	45	-1	-1	1	3
1755	30029	88	8	20	29	8	21	57	1	4	1	3
1756	-1	-1	-1	-1	-1	8	22	49	-1	-1	1	3
1757	30030	141	8	20	30	8	22	51	1	3	1	2
1758	-1	-1	-1	-1	-1	8	22	52	-1	-1	1	1
1759	30090	83	8	21	30	8	22	53	4	2	1	3
1760	30021	154	8	20	21	8	22	55	1	4	1	2
1761	-1	-1	-1	-1	-1	8	22	55	-1	-1	1	1
1762	-1	-1	-1	-1	-1	8	22	57	-1	-1	1	3
1763	-1	-1	-1	-1	-1	8	22	57	-1	-1	1	2
1764	30110	69	8	21	50	8	22	59	1	4	1	3
1765	30032	147	8	20	32	8	22	59	1	3	1	2
1766	-1	-1	-1	-1	-1	8	23	0	-1	-1	1	1
1767	-1	-1	-1	-1	-1	8	23	1	-1	-1	1	2
1768	-1	-1	-1	-1	-1	8	23	1	-1	-1	1	3
1769	30099	85	8	21	39	8	23	4	4	2	1	3
1770	-1	-1	-1	-1	-1	8	23	4	-1	-1	1	2
1771	30109	76	8	21	49	8	23	5	1	2	1	1
1772	30101	85	8	21	41	8	23	6	4	2	1	3
1773	30118	68	8	21	58	8	23	6	1	3	1	2
1774	30062	125	8	21	2	8	23	7	1	4	1	3
1775	-1	-1	-1	-1	-1	8	23	8	-1	-1	1	2
1776	-1	-1	-1	-1	-1	8	23	9	-1	-1	1	1
1777	30056	133	8	20	56	8	23	9	1	2	1	3
1778	-1	-1	-1	-1	-1	8	23	10	-1	-1	1	2
1779	30120	71	8	22	0	8	23	11	1	3	1	2
1780	30113	79	8	21	53	8	23	12	1	3	1	3
1781	-1	-1	-1	-1	-1	8	23	13	-1	-1	1	2
1782	-1	-1	-1	-1	-1	8	23	14	-1	-1	1	2
1783	30118	76	8	21	58	8	23	14	1	4	1	3
1784	30041	154	8	20	41	8	23	15	1	3	1	1
1785	30127	69	8	22	7	8	23	16	1	3	1	2
1786	30131	67	8	22	11	8	23	18	1	3	1	2
1787	30123	77	8	22	3	8	23	20	1	3	1	2
1788	30130	70	8	22	10	8	23	20	1	4	1	3
1789	30134	68	8	22	14	8	23	22	1	4	1	1
1790	30128	75	8	22	8	8	23	23	1	4	1	3
1791	-1	-1	-1	-1	-1	8	23	24	-1	-1	1	2
1792	-1	-1	-1	-1	-1	8	23	27	-1	-1	1	3
1793	-1	-1	-1	-1	-1	8	23	27	-1	-1	1	2
1794	30143	65	8	22	23	8	23	28	1	3	1	1
1795	30141	68	8	22	21	8	23	29	1	3	1	3
1796	-1	-1	-1	-1	-1	8	23	30	-1	-1	1	2
1797	30140	71	8	22	20	8	23	31	1	4	1	3
1798	-1	-1	-1	-1	-1	8	23	32	-1	-1	1	2
1799	-1	-1	-1	-1	-1	8	23	32	-1	-1	1	1
1800	-1	-1	-1	-1	-1	8	23	34	-1	-1	1	1
1801	-1	-1	-1	-1	-1	8	23	36	-1	-1	1	3
1802	-1	-1	-1	-1	-1	8	23	43	-1	-1	1	2
1803	-1	-1	-1	-1	-1	8	23	45	-1	-1	1	3
1804	-1	-1	-1	-1	-1	8	23	48	-1	-1	1	1
1805	-1	-1	-1	-1	-1	8	24	49	-1	-1	1	2
1806	-1	-1	-1	-1	-1	8	24	50	-1	-1	1	1
1807	-1	-1	-1	-1	-1	8	24	51	-1	-1	1	3
1808	-1	-1	-1	-1	-1	8	24	52	-1	-1	1	2
1809	-1	-1	-1	-1	-1	8	24	54	-1	-1	1	2
1810	30105	190	8	21	45	8	24	55	4	2	1	3
1811	-1	-1	-1	-1	-1	8	24	56	-1	-1	1	2
1812	-1	-1	-1	-1	-1	8	24	57	-1	-1	1	3
1813	-1	-1	-1	-1	-1	8	24	58	-1	-1	1	2
1814	30197	102	8	23	17	8	24	59	1	2	1	3
1815	-1	-1	-1	-1	-1	8	25	0	-1	-1	1	2
1816	30158	144	8	22	38	8	25	2	1	3	1	3
1817	-1	-1	-1	-1	-1	8	25	2	-1	-1	1	2
1818	30209	96	8	23	29	8	25	5	4	2	1	2
1819	30237	68	8	23	57	8	25	5	1	3	1	1
1820	-1	-1	-1	-1	-1	8	25	6	-1	-1	1	2
1821	30213	94	8	23	33	8	25	7	4	2	1	3
1822	30239	69	8	23	59	8	25	8	1	4	1	1
1823	-1	-1	-1	-1	-1	8	25	8	-1	-1	1	2
1824	30241	68	8	24	1	8	25	9	1	3	1	2
1825	-1	-1	-1	-1	-1	8	25	10	-1	-1	1	3
1826	-1	-1	-1	-1	-1	8	25	12	-1	-1	1	2
1827	30243	69	8	24	3	8	25	12	1	3	1	3
1828	30240	74	8	24	0	8	25	14	1	3	1	1
1829	30245	70	8	24	5	8	25	15	1	3	1	3
1830	30243	72	8	24	3	8	25	15	1	2	1	2
1831	30251	66	8	24	11	8	25	17	1	4	1	2
1832	30250	67	8	24	10	8	25	17	1	3	1	1
1833	30256	63	8	24	16	8	25	19	1	3	1	2
1834	30254	66	8	24	14	8	25	20	1	3	1	2
1835	30248	74	8	24	8	8	25	22	1	4	1	2
1836	-1	-1	-1	-1	-1	8	25	24	-1	-1	1	2
1837	30252	74	8	24	12	8	25	26	1	3	1	3
1838	30248	80	8	24	8	8	25	28	1	3	1	3
1839	30270	59	8	24	30	8	25	29	1	3	1	1
1840	-1	-1	-1	-1	-1	8	25	29	-1	-1	1	2
1841	30262	69	8	24	22	8	25	31	1	3	1	3
1842	30257	76	8	24	17	8	25	33	1	3	1	3
1843	-1	-1	-1	-1	-1	8	25	33	-1	-1	1	2
1844	-1	-1	-1	-1	-1	8	25	34	-1	-1	1	1
1845	-1	-1	-1	-1	-1	8	25	35	-1	-1	1	3
1846	30268	76	8	24	28	8	25	44	1	3	1	1
1847	-1	-1	-1	-1	-1	8	26	18	-1	-1	1	1
1848	30271	119	8	24	31	8	26	30	1	4	1	2
1849	30234	174	8	23	54	8	26	48	1	4	1	3
1850	30348	63	8	25	48	8	26	51	1	2	1	1
1851	-1	-1	-1	-1	-1	8	26	51	-1	-1	1	2
1852	-1	-1	-1	-1	-1	8	26	52	-1	-1	1	3
1853	-1	-1	-1	-1	-1	8	26	54	-1	-1	1	3
1854	-1	-1	-1	-1	-1	8	26	56	-1	-1	1	2
1855	-1	-1	-1	-1	-1	8	26	57	-1	-1	1	3
1856	-1	-1	-1	-1	-1	8	26	58	-1	-1	1	2
1857	-1	-1	-1	-1	-1	8	26	59	-1	-1	1	3
1858	-1	-1	-1	-1	-1	8	27	0	-1	-1	1	2
1859	30362	59	8	26	2	8	27	1	1	3	1	1
1860	30350	71	8	25	50	8	27	1	1	4	1	3
1861	-1	-1	-1	-1	-1	8	27	2	-1	-1	1	2
1862	-1	-1	-1	-1	-1	8	27	3	-1	-1	1	1
1863	30337	88	8	25	37	8	27	5	4	2	1	2
1864	30321	106	8	25	21	8	27	7	1	2	1	2
1865	-1	-1	-1	-1	-1	8	27	7	-1	-1	1	3
1866	30350	78	8	25	50	8	27	8	1	3	1	2
1867	30353	76	8	25	53	8	27	9	1	4	1	1
1868	30293	137	8	24	53	8	27	10	1	3	1	2
1869	30353	79	8	25	53	8	27	12	1	3	1	2
1870	-1	-1	-1	-1	-1	8	27	12	-1	-1	1	3
1871	-1	-1	-1	-1	-1	8	27	14	-1	-1	1	1
1872	30355	80	8	25	55	8	27	15	1	3	1	2
1873	30384	52	8	26	24	8	27	16	1	4	1	3
1874	30358	78	8	25	58	8	27	16	1	3	1	2
1875	-1	-1	-1	-1	-1	8	27	20	-1	-1	1	3
1876	30369	71	8	26	9	8	27	20	1	3	1	2
1877	-1	-1	-1	-1	-1	8	27	21	-1	-1	1	1
1878	-1	-1	-1	-1	-1	8	27	31	-1	-1	1	2
1879	-1	-1	-1	-1	-1	8	27	34	-1	-1	1	2
1880	-1	-1	-1	-1	-1	8	27	47	-1	-1	1	2
1881	-1	-1	-1	-1	-1	8	27	53	-1	-1	1	3
1882	30426	65	8	27	6	8	28	11	4	2	1	1
1883	-1	-1	-1	-1	-1	8	28	15	-1	-1	1	3
1884	30444	58	8	27	24	8	28	22	4	2	1	3
1885	30441	65	8	27	21	8	28	26	4	2	1	3
1886	-1	-1	-1	-1	-1	8	28	31	-1	-1	1	3
1887	-1	-1	-1	-1	-1	8	28	34	-1	-1	1	3
1888	30471	46	8	27	51	8	28	37	1	4	1	3
1889	30429	91	8	27	9	8	28	40	1	4	1	3
1890	-1	-1	-1	-1	-1	8	28	42	-1	-1	1	3
1891	-1	-1	-1	-1	-1	8	28	47	-1	-1	1	3
1892	-1	-1	-1	-1	-1	8	28	49	-1	-1	1	2
1893	-1	-1	-1	-1	-1	8	28	49	-1	-1	1	3
1894	30470	60	8	27	50	8	28	50	1	3	1	1
1895	30475	56	8	27	55	8	28	51	1	4	1	3
1896	-1	-1	-1	-1	-1	8	28	52	-1	-1	1	2
1897	30473	60	8	27	53	8	28	53	1	3	1	1
1898	-1	-1	-1	-1	-1	8	28	54	-1	-1	1	3
1899	-1	-1	-1	-1	-1	8	28	55	-1	-1	1	2
1900	30476	60	8	27	56	8	28	56	1	4	1	3
1901	30366	172	8	26	6	8	28	58	1	2	1	2
1902	-1	-1	-1	-1	-1	8	28	59	-1	-1	1	3
1903	-1	-1	-1	-1	-1	8	29	1	-1	-1	1	2
1904	-1	-1	-1	-1	-1	8	29	4	-1	-1	1	3
1905	-1	-1	-1	-1	-1	8	29	4	-1	-1	1	2
1906	-1	-1	-1	-1	-1	8	29	5	-1	-1	1	3
1907	-1	-1	-1	-1	-1	8	29	6	-1	-1	1	2
1908	-1	-1	-1	-1	-1	8	29	8	-1	-1	1	2
1909	30480	69	8	28	0	8	29	9	1	4	1	3
1910	30488	62	8	28	8	8	29	10	1	3	1	2
1911	30480	73	8	28	0	8	29	13	1	2	1	2
1912	30487	67	8	28	7	8	29	14	1	4	1	3
1913	-1	-1	-1	-1	-1	8	29	18	-1	-1	1	1
1914	-1	-1	-1	-1	-1	8	29	19	-1	-1	1	2
1915	30484	77	8	28	4	8	29	21	1	3	1	2
1916	30494	69	8	28	14	8	29	23	1	3	1	2
1917	-1	-1	-1	-1	-1	8	29	25	-1	-1	1	3
1918	-1	-1	-1	-1	-1	8	29	59	-1	-1	1	2
1919	-1	-1	-1	-1	-1	8	30	7	-1	-1	1	3
1920	-1	-1	-1	-1	-1	8	30	17	-1	-1	1	1
1921	-1	-1	-1	-1	-1	8	30	52	-1	-1	1	2
1922	30546	108	8	29	6	8	30	54	4	2	1	1
1923	30547	108	8	29	7	8	30	55	1	3	1	3
1924	-1	-1	-1	-1	-1	8	30	56	-1	-1	1	2
1925	30595	62	8	29	55	8	30	57	1	3	1	3
1926	-1	-1	-1	-1	-1	8	30	58	-1	-1	1	2
1927	30600	60	8	30	0	8	31	0	1	3	1	3
1928	-1	-1	-1	-1	-1	8	31	0	-1	-1	1	2
1929	30593	69	8	29	53	8	31	2	1	3	1	3
1930	-1	-1	-1	-1	-1	8	31	3	-1	-1	1	2
1931	30603	61	8	30	3	8	31	4	1	3	1	3
1932	-1	-1	-1	-1	-1	8	31	4	-1	-1	1	2
1933	30589	76	8	29	49	8	31	5	1	3	1	1
1934	-1	-1	-1	-1	-1	8	31	6	-1	-1	1	3
1935	30598	70	8	29	58	8	31	8	1	3	1	1
1936	-1	-1	-1	-1	-1	8	31	9	-1	-1	1	2
1937	30597	76	8	29	57	8	31	13	1	4	1	2
1938	-1	-1	-1	-1	-1	8	31	13	-1	-1	1	3
1939	30614	60	8	30	14	8	31	14	1	3	1	1
1940	30605	70	8	30	5	8	31	15	1	3	1	2
1941	-1	-1	-1	-1	-1	8	31	16	-1	-1	1	3
1942	-1	-1	-1	-1	-1	8	31	17	-1	-1	1	2
1943	30609	70	8	30	9	8	31	19	1	3	1	2
1944	-1	-1	-1	-1	-1	8	31	20	-1	-1	1	3
1945	30609	71	8	30	9	8	31	20	1	4	1	2
1946	-1	-1	-1	-1	-1	8	31	21	-1	-1	1	2
1947	-1	-1	-1	-1	-1	8	31	22	-1	-1	1	3
1948	30621	62	8	30	21	8	31	23	1	3	1	1
1949	30616	67	8	30	16	8	31	23	1	3	1	2
1950	30612	72	8	30	12	8	31	24	1	3	1	3
1951	-1	-1	-1	-1	-1	8	31	26	-1	-1	1	2
1952	30607	79	8	30	7	8	31	26	1	4	1	3
1953	-1	-1	-1	-1	-1	8	31	28	-1	-1	1	3
1954	-1	-1	-1	-1	-1	8	31	28	-1	-1	1	2
1955	-1	-1	-1	-1	-1	8	31	30	-1	-1	1	2
1956	30612	78	8	30	12	8	31	30	1	4	1	3
1957	30482	209	8	28	2	8	31	31	1	3	1	2
1958	-1	-1	-1	-1	-1	8	31	32	-1	-1	1	3
1959	-1	-1	-1	-1	-1	8	31	34	-1	-1	1	3
1960	-1	-1	-1	-1	-1	8	31	41	-1	-1	1	2
1961	30626	82	8	30	26	8	31	48	1	3	1	3
1962	-1	-1	-1	-1	-1	8	31	50	-1	-1	1	1
1963	-1	-1	-1	-1	-1	8	32	2	-1	-1	1	1
1964	-1	-1	-1	-1	-1	8	32	9	-1	-1	1	3
1965	30595	136	8	29	55	8	32	11	4	2	1	3
1966	30685	49	8	31	25	8	32	14	4	2	1	3
1967	30687	52	8	31	27	8	32	19	4	2	1	3
1968	-1	-1	-1	-1	-1	8	32	26	-1	-1	1	3
1969	30709	44	8	31	49	8	32	33	1	3	1	3
1970	-1	-1	-1	-1	-1	8	32	48	-1	-1	1	2
1971	30712	57	8	31	52	8	32	49	1	3	1	3
1972	30680	91	8	31	20	8	32	51	1	3	1	3
1973	30663	109	8	31	3	8	32	52	4	2	1	2
1974	30717	56	8	31	57	8	32	53	1	3	1	1
1975	30710	64	8	31	50	8	32	54	1	4	1	3
1976	30721	55	8	32	1	8	32	56	1	3	1	3
1977	-1	-1	-1	-1	-1	8	32	56	-1	-1	1	2
1978	30717	61	8	31	57	8	32	58	1	4	1	3
1979	-1	-1	-1	-1	-1	8	32	58	-1	-1	1	2
1980	-1	-1	-1	-1	-1	8	33	0	-1	-1	1	2
1981	30720	61	8	32	0	8	33	1	1	3	1	3
1982	30725	56	8	32	5	8	33	1	1	3	1	1
1983	-1	-1	-1	-1	-1	8	33	3	-1	-1	1	2
1984	-1	-1	-1	-1	-1	8	33	5	-1	-1	1	2
1985	30715	72	8	31	55	8	33	7	1	4	1	2
1986	30721	67	8	32	1	8	33	8	1	4	1	2
1987	30734	54	8	32	14	8	33	8	1	3	1	3
1988	-1	-1	-1	-1	-1	8	33	10	-1	-1	1	2
1989	30726	66	8	32	6	8	33	12	1	3	1	2
1990	-1	-1	-1	-1	-1	8	33	12	-1	-1	1	3
1991	30732	62	8	32	12	8	33	14	1	3	1	2
1992	30737	60	8	32	17	8	33	17	1	4	1	3
1993	-1	-1	-1	-1	-1	8	33	18	-1	-1	1	2
1994	-1	-1	-1	-1	-1	8	33	21	-1	-1	1	2
1995	-1	-1	-1	-1	-1	8	33	24	-1	-1	1	3
1996	-1	-1	-1	-1	-1	8	33	24	-1	-1	1	2
1997	30714	92	8	31	54	8	33	26	1	2	1	2
1998	30746	62	8	32	26	8	33	28	1	3	1	2
1999	30738	72	8	32	18	8	33	30	1	3	1	2
2000	30744	68	8	32	24	8	33	32	1	3	1	2
2001	30747	66	8	32	27	8	33	33	1	2	1	2
2002	-1	-1	-1	-1	-1	8	33	34	-1	-1	1	3
2003	-1	-1	-1	-1	-1	8	33	36	-1	-1	1	2
2004	-1	-1	-1	-1	-1	8	33	37	-1	-1	1	3
2005	30742	77	8	32	22	8	33	39	1	3	1	2
2006	-1	-1	-1	-1	-1	8	33	56	-1	-1	1	3
2007	30786	69	8	33	6	8	34	15	4	2	1	1
2008	-1	-1	-1	-1	-1	8	34	48	-1	-1	1	3
2009	30750	139	8	32	30	8	34	49	1	3	1	2
2010	-1	-1	-1	-1	-1	8	34	51	-1	-1	1	1
2011	-1	-1	-1	-1	-1	8	34	52	-1	-1	1	3
2012	-1	-1	-1	-1	-1	8	34	52	-1	-1	1	2
2013	-1	-1	-1	-1	-1	8	34	55	-1	-1	1	2
2014	-1	-1	-1	-1	-1	8	34	55	-1	-1	1	3
2015	-1	-1	-1	-1	-1	8	34	57	-1	-1	1	2
2016	-1	-1	-1	-1	-1	8	34	59	-1	-1	1	3
2017	-1	-1	-1	-1	-1	8	34	59	-1	-1	1	2
2018	30810	91	8	33	30	8	35	1	4	2	1	2
2019	30833	68	8	33	53	8	35	1	1	3	1	3
2020	30829	74	8	33	49	8	35	3	1	2	1	3
2021	-1	-1	-1	-1	-1	8	35	3	-1	-1	1	2
2022	-1	-1	-1	-1	-1	8	35	4	-1	-1	1	2
2023	-1	-1	-1	-1	-1	8	35	6	-1	-1	1	2
2024	30832	74	8	33	52	8	35	6	1	4	1	3
2025	-1	-1	-1	-1	-1	8	35	7	-1	-1	1	3
2026	30831	77	8	33	51	8	35	8	1	3	1	2
2027	30839	70	8	33	59	8	35	9	1	4	1	3
2028	-1	-1	-1	-1	-1	8	35	12	-1	-1	1	2
2029	30846	66	8	34	6	8	35	12	1	3	1	1
2030	-1	-1	-1	-1	-1	8	35	14	-1	-1	1	2
2031	30837	77	8	33	57	8	35	14	1	4	1	1
2032	-1	-1	-1	-1	-1	8	35	15	-1	-1	1	3
2033	-1	-1	-1	-1	-1	8	35	15	-1	-1	1	2
2034	30851	65	8	34	11	8	35	16	1	3	1	1
2035	30843	75	8	34	3	8	35	18	1	4	1	2
2036	30856	63	8	34	16	8	35	19	1	3	1	2
2037	30825	97	8	33	45	8	35	22	1	4	1	3
2038	-1	-1	-1	-1	-1	8	35	23	-1	-1	1	2
2039	-1	-1	-1	-1	-1	8	35	27	-1	-1	1	2
2040	30862	68	8	34	22	8	35	30	1	3	1	2
2041	30854	76	8	34	14	8	35	30	1	3	1	3
2042	-1	-1	-1	-1	-1	8	35	32	-1	-1	1	1
2043	-1	-1	-1	-1	-1	8	35	32	-1	-1	1	2
2044	-1	-1	-1	-1	-1	8	35	32	-1	-1	1	3
2045	30851	83	8	34	11	8	35	34	1	4	1	3
2046	-1	-1	-1	-1	-1	8	35	39	-1	-1	1	2
2047	30841	100	8	34	1	8	35	41	1	3	1	3
2048	30858	86	8	34	18	8	35	44	1	3	1	3
2049	-1	-1	-1	-1	-1	8	35	46	-1	-1	1	3
2050	-1	-1	-1	-1	-1	8	36	23	-1	-1	1	3
2051	30909	80	8	35	9	8	36	29	4	2	1	3
2052	-1	-1	-1	-1	-1	8	36	36	-1	-1	1	1
2053	-1	-1	-1	-1	-1	8	36	49	-1	-1	1	2
2054	-1	-1	-1	-1	-1	8	36	51	-1	-1	1	3
2055	-1	-1	-1	-1	-1	8	36	51	-1	-1	1	1
2056	-1	-1	-1	-1	-1	8	36	53	-1	-1	1	2
2057	-1	-1	-1	-1	-1	8	36	54	-1	-1	1	3
2058	30888	126	8	34	48	8	36	54	1	3	1	1
2059	-1	-1	-1	-1	-1	8	36	56	-1	-1	1	2
2060	-1	-1	-1	-1	-1	8	36	57	-1	-1	1	3
2061	30956	61	8	35	56	8	36	57	1	4	1	1
2062	-1	-1	-1	-1	-1	8	36	58	-1	-1	1	2
2063	30956	63	8	35	56	8	36	59	1	3	1	3
2064	30897	123	8	34	57	8	37	0	1	4	1	2
2065	30960	60	8	36	0	8	37	0	1	4	1	3
2066	30967	53	8	36	7	8	37	0	1	3	1	1
2067	30953	70	8	35	53	8	37	3	1	4	1	3
2068	-1	-1	-1	-1	-1	8	37	4	-1	-1	1	2
2069	-1	-1	-1	-1	-1	8	37	6	-1	-1	1	2
2070	30971	57	8	36	11	8	37	8	1	3	1	3
2071	30969	59	8	36	9	8	37	8	1	3	1	1
2072	-1	-1	-1	-1	-1	8	37	8	-1	-1	1	2
2073	30964	65	8	36	4	8	37	9	1	2	1	3
2074	30954	76	8	35	54	8	37	10	1	3	1	2
2075	30966	65	8	36	6	8	37	11	1	4	1	3
2076	30967	65	8	36	7	8	37	12	1	4	1	3
2077	30668	364	8	31	8	8	37	12	4	3	1	2
2078	30963	71	8	36	3	8	37	14	1	3	1	2
2079	30974	60	8	36	14	8	37	14	1	3	1	3
2080	30975	60	8	36	15	8	37	15	1	2	1	3
2081	-1	-1	-1	-1	-1	8	37	16	-1	-1	1	2
2082	30965	72	8	36	5	8	37	17	1	3	1	3
2083	-1	-1	-1	-1	-1	8	37	18	-1	-1	1	2
2084	30976	62	8	36	16	8	37	18	1	4	1	3
2085	30977	63	8	36	17	8	37	20	1	3	1	2
2086	-1	-1	-1	-1	-1	8	37	26	-1	-1	1	3
2087	30971	76	8	36	11	8	37	27	1	4	1	2
2088	30980	69	8	36	20	8	37	29	1	3	1	2
2089	-1	-1	-1	-1	-1	8	37	35	-1	-1	1	2
2090	-1	-1	-1	-1	-1	8	37	37	-1	-1	1	3
2091	30964	93	8	36	4	8	37	37	1	4	1	1
2092	-1	-1	-1	-1	-1	8	37	40	-1	-1	1	3
2093	-1	-1	-1	-1	-1	8	38	5	-1	-1	1	2
2094	-1	-1	-1	-1	-1	8	38	9	-1	-1	1	1
2095	30988	143	8	36	28	8	38	51	4	2	1	1
2096	30667	464	8	31	7	8	38	51	4	2	1	2
2097	-1	-1	-1	-1	-1	8	38	52	-1	-1	1	3
2098	30599	535	8	29	59	8	38	54	1	4	1	1
2099	-1	-1	-1	-1	-1	8	38	54	-1	-1	1	2
2100	-1	-1	-1	-1	-1	8	38	55	-1	-1	1	3
2101	-1	-1	-1	-1	-1	8	38	57	-1	-1	1	2
2102	31054	84	8	37	34	8	38	58	1	2	1	2
2103	31069	69	8	37	49	8	38	58	1	2	1	1
2104	31025	114	8	37	5	8	38	59	4	2	1	3
2105	31019	121	8	36	59	8	39	0	1	3	1	2
2106	31070	71	8	37	50	8	39	1	1	3	1	2
2107	-1	-1	-1	-1	-1	8	39	1	-1	-1	1	3
2108	31074	70	8	37	54	8	39	4	1	3	1	2
2109	31030	115	8	37	10	8	39	5	4	2	1	3
2110	-1	-1	-1	-1	-1	8	39	6	-1	-1	1	2
2111	31072	75	8	37	52	8	39	7	1	3	1	2
2112	31080	69	8	38	0	8	39	9	1	3	1	2
2113	31084	66	8	38	4	8	39	10	1	4	1	2
2114	-1	-1	-1	-1	-1	8	39	11	-1	-1	1	3
2115	-1	-1	-1	-1	-1	8	39	13	-1	-1	1	3
2116	31083	71	8	38	3	8	39	14	1	3	1	2
2117	31090	66	8	38	10	8	39	16	1	3	1	2
2118	-1	-1	-1	-1	-1	8	39	17	-1	-1	1	2
2119	-1	-1	-1	-1	-1	8	39	18	-1	-1	1	3
2120	31094	65	8	38	14	8	39	19	1	3	1	2
2121	31087	74	8	38	7	8	39	21	1	3	1	3
2122	-1	-1	-1	-1	-1	8	39	21	-1	-1	1	2
2123	-1	-1	-1	-1	-1	8	39	22	-1	-1	1	3
2124	31097	67	8	38	17	8	39	24	1	3	1	2
2125	31092	72	8	38	12	8	39	24	1	3	1	3
2126	31082	83	8	38	2	8	39	25	1	4	1	1
2127	31090	77	8	38	10	8	39	27	1	4	1	3
2128	-1	-1	-1	-1	-1	8	39	27	-1	-1	1	2
2129	-1	-1	-1	-1	-1	8	39	28	-1	-1	1	2
2130	-1	-1	-1	-1	-1	8	39	29	-1	-1	1	3
2131	-1	-1	-1	-1	-1	8	39	30	-1	-1	1	2
2132	31092	79	8	38	12	8	39	31	1	4	1	3
2133	-1	-1	-1	-1	-1	8	39	32	-1	-1	1	2
2134	-1	-1	-1	-1	-1	8	39	34	-1	-1	1	1
2135	31067	110	8	37	47	8	39	37	1	4	1	3
2136	-1	-1	-1	-1	-1	8	39	39	-1	-1	1	1
2137	31075	108	8	37	55	8	39	43	1	4	1	3
2138	-1	-1	-1	-1	-1	8	39	43	-1	-1	1	2
2139	-1	-1	-1	-1	-1	8	39	49	-1	-1	1	3
2140	-1	-1	-1	-1	-1	8	40	8	-1	-1	1	1
2141	-1	-1	-1	-1	-1	8	40	49	-1	-1	1	3
2142	-1	-1	-1	-1	-1	8	40	49	-1	-1	1	2
2143	-1	-1	-1	-1	-1	8	40	51	-1	-1	1	1
2144	-1	-1	-1	-1	-1	8	40	54	-1	-1	1	3
2145	-1	-1	-1	-1	-1	8	40	54	-1	-1	1	1
2146	-1	-1	-1	-1	-1	8	40	54	-1	-1	1	2
2147	-1	-1	-1	-1	-1	8	40	56	-1	-1	1	2
2148	-1	-1	-1	-1	-1	8	40	58	-1	-1	1	1
2149	-1	-1	-1	-1	-1	8	40	59	-1	-1	1	3
2150	31147	113	8	39	7	8	41	0	4	2	1	2
2151	-1	-1	-1	-1	-1	8	41	3	-1	-1	1	2
2152	31177	88	8	39	37	8	41	5	1	2	1	2
2153	31082	183	8	38	2	8	41	5	4	2	1	3
2154	-1	-1	-1	-1	-1	8	41	6	-1	-1	1	3
2155	31136	131	8	38	56	8	41	7	1	4	1	2
2156	-1	-1	-1	-1	-1	8	41	9	-1	-1	1	2
2157	-1	-1	-1	-1	-1	8	41	10	-1	-1	1	3
2158	-1	-1	-1	-1	-1	8	41	11	-1	-1	1	2
2159	31200	72	8	40	0	8	41	12	1	3	1	3
2160	31198	75	8	39	58	8	41	13	1	3	1	2
2161	31200	74	8	40	0	8	41	14	1	4	1	3
2162	31202	72	8	40	2	8	41	14	1	3	1	2
2163	31205	70	8	40	5	8	41	15	1	3	1	3
2164	-1	-1	-1	-1	-1	8	41	16	-1	-1	1	1
2165	31202	75	8	40	2	8	41	17	1	4	1	3
2166	-1	-1	-1	-1	-1	8	41	17	-1	-1	1	2
2167	31206	73	8	40	6	8	41	19	1	4	1	3
2168	-1	-1	-1	-1	-1	8	41	21	-1	-1	1	3
2169	31220	61	8	40	20	8	41	21	1	4	1	1
2170	31204	78	8	40	4	8	41	22	1	4	1	2
2171	31196	86	8	39	56	8	41	22	1	3	1	3
2172	31193	90	8	39	53	8	41	23	1	3	1	3
2173	31207	77	8	40	7	8	41	24	1	3	1	2
2174	31210	77	8	40	10	8	41	27	1	4	1	3
2175	-1	-1	-1	-1	-1	8	41	28	-1	-1	1	1
2176	31215	76	8	40	15	8	41	31	1	4	1	3
2177	-1	-1	-1	-1	-1	8	41	35	-1	-1	1	1
2178	-1	-1	-1	-1	-1	8	41	37	-1	-1	1	2
2179	-1	-1	-1	-1	-1	8	41	38	-1	-1	1	2
2180	-1	-1	-1	-1	-1	8	41	41	-1	-1	1	2
2181	-1	-1	-1	-1	-1	8	41	45	-1	-1	1	3
2182	31183	185	8	39	43	8	42	48	4	2	1	3
2183	31220	148	8	40	20	8	42	48	1	3	1	2
2184	-1	-1	-1	-1	-1	8	42	50	-1	-1	1	1
2185	31228	143	8	40	28	8	42	51	1	3	1	2
2186	-1	-1	-1	-1	-1	8	42	52	-1	-1	1	3
2187	-1	-1	-1	-1	-1	8	42	53	-1	-1	1	2
2188	31312	62	8	41	52	8	42	54	1	3	1	3
2189	-1	-1	-1	-1	-1	8	42	55	-1	-1	1	1
2190	31310	66	8	41	50	8	42	56	1	4	1	3
2191	-1	-1	-1	-1	-1	8	42	58	-1	-1	1	1
2192	-1	-1	-1	-1	-1	8	42	58	-1	-1	1	2
2193	-1	-1	-1	-1	-1	8	43	0	-1	-1	1	3
2194	-1	-1	-1	-1	-1	8	43	0	-1	-1	1	2
2195	-1	-1	-1	-1	-1	8	43	1	-1	-1	1	1
2196	31316	66	8	41	56	8	43	2	1	3	1	3
2197	-1	-1	-1	-1	-1	8	43	3	-1	-1	1	2
2198	-1	-1	-1	-1	-1	8	43	4	-1	-1	1	3
2199	-1	-1	-1	-1	-1	8	43	5	-1	-1	1	1
2200	-1	-1	-1	-1	-1	8	43	6	-1	-1	1	2
2201	31316	71	8	41	56	8	43	7	1	4	1	3
2202	31314	74	8	41	54	8	43	8	1	3	1	2
2203	-1	-1	-1	-1	-1	8	43	9	-1	-1	1	3
2204	31318	72	8	41	58	8	43	10	1	4	1	1
2205	31251	141	8	40	51	8	43	12	1	4	1	3
2206	31318	75	8	41	58	8	43	13	1	3	1	2
2207	31324	70	8	42	4	8	43	14	1	4	1	3
2208	31322	73	8	42	2	8	43	15	1	3	1	2
2209	31321	75	8	42	1	8	43	16	1	4	1	3
2210	-1	-1	-1	-1	-1	8	43	17	-1	-1	1	2
2211	31327	71	8	42	7	8	43	18	1	4	1	3
2212	31327	72	8	42	7	8	43	19	1	3	1	2
2213	-1	-1	-1	-1	-1	8	43	20	-1	-1	1	3
2214	-1	-1	-1	-1	-1	8	43	22	-1	-1	1	2
2215	-1	-1	-1	-1	-1	8	43	23	-1	-1	1	3
2216	31324	80	8	42	4	8	43	24	1	3	1	2
2217	-1	-1	-1	-1	-1	8	43	24	-1	-1	1	3
2218	-1	-1	-1	-1	-1	8	43	25	-1	-1	1	1
2219	31330	76	8	42	10	8	43	26	1	4	1	2
2220	-1	-1	-1	-1	-1	8	43	27	-1	-1	1	3
2221	-1	-1	-1	-1	-1	8	43	28	-1	-1	1	2
2222	-1	-1	-1	-1	-1	8	43	29	-1	-1	1	1
2223	31339	106	8	42	19	8	44	5	4	2	1	3
2224	-1	-1	-1	-1	-1	8	44	14	-1	-1	1	3
2225	-1	-1	-1	-1	-1	8	44	15	-1	-1	1	1
2226	-1	-1	-1	-1	-1	8	44	19	-1	-1	1	2
2227	-1	-1	-1	-1	-1	8	44	20	-1	-1	1	3
2228	31397	78	8	43	17	8	44	35	1	2	1	3
2229	-1	-1	-1	-1	-1	8	44	41	-1	-1	1	3
2230	31370	121	8	42	50	8	44	51	1	3	1	3
2231	-1	-1	-1	-1	-1	8	44	53	-1	-1	1	1
2232	-1	-1	-1	-1	-1	8	44	54	-1	-1	1	2
2233	-1	-1	-1	-1	-1	8	44	55	-1	-1	1	3
2234	-1	-1	-1	-1	-1	8	44	58	-1	-1	1	2
2235	31431	69	8	43	51	8	45	0	1	4	1	2
2236	31439	63	8	43	59	8	45	2	1	4	1	2
2237	31430	72	8	43	50	8	45	2	1	3	1	1
2238	-1	-1	-1	-1	-1	8	45	3	-1	-1	1	3
2239	31441	63	8	44	1	8	45	4	1	4	1	2
2240	-1	-1	-1	-1	-1	8	45	5	-1	-1	1	1
2241	31446	60	8	44	6	8	45	6	1	3	1	2
2242	31450	57	8	44	10	8	45	7	1	3	1	3
2243	31445	63	8	44	5	8	45	8	1	4	1	2
2244	-1	-1	-1	-1	-1	8	45	10	-1	-1	1	2
2245	31453	59	8	44	13	8	45	12	1	4	1	2
2246	31443	71	8	44	3	8	45	14	1	3	1	3
2247	31443	71	8	44	3	8	45	14	1	4	1	2
2248	31457	59	8	44	17	8	45	16	1	3	1	2
2249	31455	63	8	44	15	8	45	18	1	4	1	2
2250	31447	72	8	44	7	8	45	19	1	4	1	3
2251	31457	63	8	44	17	8	45	20	1	4	1	2
2252	31449	72	8	44	9	8	45	21	1	4	1	3
2253	-1	-1	-1	-1	-1	8	45	23	-1	-1	1	2
2254	-1	-1	-1	-1	-1	8	45	24	-1	-1	1	2
2255	31459	66	8	44	19	8	45	25	1	4	1	3
2256	31462	64	8	44	22	8	45	26	1	2	1	1
2257	31459	67	8	44	19	8	45	26	1	3	1	2
2258	31462	66	8	44	22	8	45	28	1	3	1	2
2259	31470	64	8	44	30	8	45	34	1	3	1	1
2260	31465	72	8	44	25	8	45	37	1	4	1	2
2261	31472	67	8	44	32	8	45	39	1	3	1	2
2262	-1	-1	-1	-1	-1	8	45	41	-1	-1	1	3
2263	-1	-1	-1	-1	-1	8	45	45	-1	-1	1	2
2264	-1	-1	-1	-1	-1	8	46	4	-1	-1	1	3
2265	-1	-1	-1	-1	-1	8	46	16	-1	-1	1	1
2266	-1	-1	-1	-1	-1	8	46	19	-1	-1	1	3
2267	-1	-1	-1	-1	-1	8	46	29	-1	-1	1	3
2268	-1	-1	-1	-1	-1	8	46	34	-1	-1	1	3
2269	31492	108	8	44	52	8	46	40	1	4	1	3
2270	31553	51	8	45	53	8	46	44	1	3	1	3
2271	31550	56	8	45	50	8	46	46	1	3	1	3
2272	31555	54	8	45	55	8	46	49	1	3	1	3
2273	-1	-1	-1	-1	-1	8	46	50	-1	-1	1	2
2274	31555	56	8	45	55	8	46	51	1	4	1	3
2275	31498	113	8	44	58	8	46	51	1	3	1	1
2276	31510	103	8	45	10	8	46	53	4	2	1	2
2277	31557	57	8	45	57	8	46	54	1	4	1	3
2278	31511	105	8	45	11	8	46	56	1	2	1	2
2279	31557	60	8	45	57	8	46	57	1	3	1	2
2280	31563	56	8	46	3	8	46	59	1	3	1	2
2281	-1	-1	-1	-1	-1	8	47	1	-1	-1	1	2
2282	31565	59	8	46	5	8	47	4	1	4	1	2
2283	31562	62	8	46	2	8	47	4	1	4	1	3
2284	-1	-1	-1	-1	-1	8	47	6	-1	-1	1	2
2285	-1	-1	-1	-1	-1	8	47	6	-1	-1	1	3
2286	31569	60	8	46	9	8	47	9	1	3	1	2
2287	31570	59	8	46	10	8	47	9	1	4	1	3
2288	-1	-1	-1	-1	-1	8	47	10	-1	-1	1	1
2289	-1	-1	-1	-1	-1	8	47	12	-1	-1	1	2
2290	-1	-1	-1	-1	-1	8	47	15	-1	-1	1	1
2291	-1	-1	-1	-1	-1	8	47	21	-1	-1	1	2
2292	-1	-1	-1	-1	-1	8	47	28	-1	-1	1	3
2293	-1	-1	-1	-1	-1	8	47	37	-1	-1	1	3
2294	-1	-1	-1	-1	-1	8	47	38	-1	-1	1	2
2295	-1	-1	-1	-1	-1	8	47	38	-1	-1	1	1
2296	-1	-1	-1	-1	-1	8	48	0	-1	-1	1	1
2297	-1	-1	-1	-1	-1	8	48	7	-1	-1	1	2
2298	31551	178	8	45	51	8	48	49	1	4	1	3
2299	31621	111	8	47	1	8	48	52	1	3	1	1
2300	-1	-1	-1	-1	-1	8	48	53	-1	-1	1	2
2301	31576	158	8	46	16	8	48	54	4	2	1	3
2302	-1	-1	-1	-1	-1	8	48	55	-1	-1	1	2
2303	-1	-1	-1	-1	-1	8	48	57	-1	-1	1	2
2304	-1	-1	-1	-1	-1	8	48	57	-1	-1	1	3
2305	-1	-1	-1	-1	-1	8	48	59	-1	-1	1	3
2306	31256	483	8	40	56	8	48	59	2	3	1	2
2307	31674	67	8	47	54	8	49	1	1	3	1	1
2308	31653	88	8	47	33	8	49	1	4	2	1	2
2309	31647	94	8	47	27	8	49	1	4	2	1	3
2310	-1	-1	-1	-1	-1	8	49	3	-1	-1	1	2
2311	-1	-1	-1	-1	-1	8	49	4	-1	-1	1	3
2312	31676	68	8	47	56	8	49	4	1	3	1	1
2313	31665	80	8	47	45	8	49	5	1	4	1	2
2314	-1	-1	-1	-1	-1	8	49	8	-1	-1	1	3
2315	31687	62	8	48	7	8	49	9	1	4	1	3
2316	31672	78	8	47	52	8	49	10	1	4	1	2
2317	31685	66	8	48	5	8	49	11	1	4	1	3
2318	31668	84	8	47	48	8	49	12	1	3	1	2
2319	31679	74	8	47	59	8	49	13	1	3	1	3
2320	31681	73	8	48	1	8	49	14	1	3	1	2
2321	-1	-1	-1	-1	-1	8	49	16	-1	-1	1	3
2322	31691	66	8	48	11	8	49	17	1	4	1	3
2323	31672	85	8	47	52	8	49	17	1	3	1	2
2324	31683	76	8	48	3	8	49	19	1	3	1	2
2325	31681	79	8	48	1	8	49	20	1	4	1	3
2326	-1	-1	-1	-1	-1	8	49	22	-1	-1	1	2
2327	31695	68	8	48	15	8	49	23	1	4	1	3
2328	31695	69	8	48	15	8	49	24	1	3	1	2
2329	-1	-1	-1	-1	-1	8	49	25	-1	-1	1	3
2330	31688	78	8	48	8	8	49	26	1	4	1	2
2331	-1	-1	-1	-1	-1	8	49	26	-1	-1	1	3
2332	-1	-1	-1	-1	-1	8	49	26	-1	-1	1	1
2333	31688	79	8	48	8	8	49	27	1	3	1	2
2334	31687	81	8	48	7	8	49	28	1	2	1	3
2335	31702	68	8	48	22	8	49	30	1	3	1	2
2336	-1	-1	-1	-1	-1	8	49	30	-1	-1	1	3
2337	31691	81	8	48	11	8	49	32	1	3	1	2
2338	31700	72	8	48	20	8	49	32	1	3	1	3
2339	-1	-1	-1	-1	-1	8	49	34	-1	-1	1	2
2340	31703	71	8	48	23	8	49	34	1	4	1	3
2341	-1	-1	-1	-1	-1	8	49	44	-1	-1	1	3
2342	-1	-1	-1	-1	-1	8	50	17	-1	-1	1	3
2343	31775	64	8	49	35	8	50	39	4	2	1	1
2344	-1	-1	-1	-1	-1	8	50	46	-1	-1	1	2
2345	-1	-1	-1	-1	-1	8	50	49	-1	-1	1	1
2346	31792	58	8	49	52	8	50	50	1	4	1	3
2347	-1	-1	-1	-1	-1	8	50	51	-1	-1	1	2
2348	31738	115	8	48	58	8	50	53	1	4	1	2
2349	-1	-1	-1	-1	-1	8	50	53	-1	-1	1	1
2350	31789	65	8	49	49	8	50	54	1	3	1	3
2351	31800	55	8	50	0	8	50	55	1	3	1	1
2352	31796	60	8	49	56	8	50	56	1	4	1	3
2353	-1	-1	-1	-1	-1	8	50	56	-1	-1	1	2
2354	-1	-1	-1	-1	-1	8	50	58	-1	-1	1	2
2355	31798	60	8	49	58	8	50	58	1	4	1	3
2356	31795	65	8	49	55	8	51	0	1	3	1	2
2357	31811	51	8	50	11	8	51	2	1	3	1	3
2358	-1	-1	-1	-1	-1	8	51	2	-1	-1	1	2
2359	31793	72	8	49	53	8	51	5	1	3	1	2
2360	31807	61	8	50	7	8	51	8	1	3	1	2
2361	-1	-1	-1	-1	-1	8	51	10	-1	-1	1	2
2362	-1	-1	-1	-1	-1	8	51	11	-1	-1	1	3
2363	31816	57	8	50	16	8	51	13	1	3	1	3
2364	-1	-1	-1	-1	-1	8	51	16	-1	-1	1	2
2365	31831	47	8	50	31	8	51	18	1	3	1	1
2366	-1	-1	-1	-1	-1	8	51	19	-1	-1	1	2
2367	31821	60	8	50	21	8	51	21	1	3	1	2
2368	31820	61	8	50	20	8	51	21	1	4	1	3
2369	31825	60	8	50	25	8	51	25	1	3	1	2
2370	31827	60	8	50	27	8	51	27	1	3	1	3
2371	31816	80	8	50	16	8	51	36	1	4	1	3
2372	-1	-1	-1	-1	-1	8	51	41	-1	-1	1	3
2373	-1	-1	-1	-1	-1	8	52	9	-1	-1	1	2
2374	-1	-1	-1	-1	-1	8	52	35	-1	-1	1	1
2375	-1	-1	-1	-1	-1	8	52	49	-1	-1	1	3
2376	31798	172	8	49	58	8	52	50	4	2	1	2
2377	-1	-1	-1	-1	-1	8	52	52	-1	-1	1	1
2378	-1	-1	-1	-1	-1	8	52	53	-1	-1	1	2
2379	-1	-1	-1	-1	-1	8	52	55	-1	-1	1	1
2380	-1	-1	-1	-1	-1	8	52	55	-1	-1	1	2
2381	-1	-1	-1	-1	-1	8	52	56	-1	-1	1	3
2382	-1	-1	-1	-1	-1	8	52	57	-1	-1	1	2
2383	-1	-1	-1	-1	-1	8	53	0	-1	-1	1	3
2384	-1	-1	-1	-1	-1	8	53	0	-1	-1	1	2
2385	31861	120	8	51	1	8	53	1	1	2	1	1
2386	-1	-1	-1	-1	-1	8	53	1	-1	-1	1	2
2387	31911	72	8	51	51	8	53	3	1	4	1	2
2388	-1	-1	-1	-1	-1	8	53	3	-1	-1	1	3
2389	-1	-1	-1	-1	-1	8	53	4	-1	-1	1	2
2390	31863	122	8	51	3	8	53	5	1	4	1	3
2391	31913	73	8	51	53	8	53	6	1	4	1	2
2392	-1	-1	-1	-1	-1	8	53	8	-1	-1	1	2
2393	31909	81	8	51	49	8	53	10	1	3	1	2
2394	-1	-1	-1	-1	-1	8	53	12	-1	-1	1	2
2395	-1	-1	-1	-1	-1	8	53	13	-1	-1	1	3
2396	-1	-1	-1	-1	-1	8	53	14	-1	-1	1	2
2397	-1	-1	-1	-1	-1	8	53	15	-1	-1	1	2
2398	-1	-1	-1	-1	-1	8	53	17	-1	-1	1	2
2399	31922	76	8	52	2	8	53	18	1	3	1	3
2400	31924	75	8	52	4	8	53	19	1	4	1	2
2401	31921	79	8	52	1	8	53	20	1	4	1	3
2402	31927	75	8	52	7	8	53	22	1	4	1	3
2403	-1	-1	-1	-1	-1	8	53	22	-1	-1	1	2
2404	-1	-1	-1	-1	-1	8	53	23	-1	-1	1	3
2405	-1	-1	-1	-1	-1	8	53	25	-1	-1	1	2
2406	31930	75	8	52	10	8	53	25	1	3	1	3
2407	31934	76	8	52	14	8	53	30	1	3	1	3
2408	-1	-1	-1	-1	-1	8	53	33	-1	-1	1	2
2409	31946	67	8	52	26	8	53	33	1	4	1	3
2410	-1	-1	-1	-1	-1	8	53	36	-1	-1	1	3
2411	-1	-1	-1	-1	-1	8	53	43	-1	-1	1	3
2412	-1	-1	-1	-1	-1	8	53	52	-1	-1	1	2
2413	-1	-1	-1	-1	-1	8	54	3	-1	-1	1	3
2414	-1	-1	-1	-1	-1	8	54	11	-1	-1	1	1
2415	-1	-1	-1	-1	-1	8	54	47	-1	-1	1	2
2416	-1	-1	-1	-1	-1	8	54	52	-1	-1	1	3
2417	32017	75	8	53	37	8	54	52	4	2	1	1
2418	31990	104	8	53	10	8	54	54	4	2	1	3
2419	-1	-1	-1	-1	-1	8	54	54	-1	-1	1	2
2420	-1	-1	-1	-1	-1	8	54	55	-1	-1	1	2
2421	-1	-1	-1	-1	-1	8	54	56	-1	-1	1	3
2422	32040	58	8	54	0	8	54	58	1	3	1	1
2423	32026	72	8	53	46	8	54	58	1	3	1	3
2424	-1	-1	-1	-1	-1	8	54	58	-1	-1	1	2
2425	-1	-1	-1	-1	-1	8	55	0	-1	-1	1	2
2426	32036	65	8	53	56	8	55	1	1	4	1	1
2427	32038	63	8	53	58	8	55	1	1	3	1	3
2428	-1	-1	-1	-1	-1	8	55	3	-1	-1	1	3
2429	32008	96	8	53	28	8	55	4	4	2	1	2
2430	-1	-1	-1	-1	-1	8	55	6	-1	-1	1	2
2431	32047	59	8	54	7	8	55	6	1	3	1	1
2432	32043	63	8	54	3	8	55	6	1	3	1	3
2433	32036	71	8	53	56	8	55	7	1	3	1	2
2434	32028	81	8	53	48	8	55	9	1	4	1	2
2435	32032	80	8	53	52	8	55	12	1	3	1	2
2436	32035	79	8	53	55	8	55	14	1	3	1	2
2437	32042	73	8	54	2	8	55	15	1	4	1	3
2438	32045	72	8	54	5	8	55	17	1	4	1	3
2439	32049	68	8	54	9	8	55	17	1	3	1	2
2440	-1	-1	-1	-1	-1	8	55	22	-1	-1	1	2
2441	-1	-1	-1	-1	-1	8	55	26	-1	-1	1	1
2442	-1	-1	-1	-1	-1	8	55	38	-1	-1	1	2
2443	-1	-1	-1	-1	-1	8	55	56	-1	-1	1	3
2444	-1	-1	-1	-1	-1	8	55	57	-1	-1	1	1
2445	-1	-1	-1	-1	-1	8	56	12	-1	-1	1	2
2446	-1	-1	-1	-1	-1	8	56	50	-1	-1	1	3
2447	-1	-1	-1	-1	-1	8	56	52	-1	-1	1	1
2448	32043	170	8	54	3	8	56	53	4	2	1	2
2449	-1	-1	-1	-1	-1	8	56	55	-1	-1	1	3
2450	-1	-1	-1	-1	-1	8	56	56	-1	-1	1	2
2451	-1	-1	-1	-1	-1	8	56	58	-1	-1	1	1
2452	-1	-1	-1	-1	-1	8	56	58	-1	-1	1	2
2453	-1	-1	-1	-1	-1	8	56	59	-1	-1	1	3
2454	-1	-1	-1	-1	-1	8	57	0	-1	-1	1	2
2455	32150	71	8	55	50	8	57	1	1	3	1	2
2456	32153	68	8	55	53	8	57	1	1	3	1	3
2457	-1	-1	-1	-1	-1	8	57	4	-1	-1	1	2
2458	-1	-1	-1	-1	-1	8	57	4	-1	-1	1	3
2459	32168	58	8	56	8	8	57	6	1	4	1	3
2460	32148	78	8	55	48	8	57	6	1	3	1	2
2461	32172	56	8	56	12	8	57	8	1	4	1	2
2462	-1	-1	-1	-1	-1	8	57	10	-1	-1	1	2
2463	-1	-1	-1	-1	-1	8	57	11	-1	-1	1	2
2464	32162	69	8	56	2	8	57	11	1	3	1	3
2465	-1	-1	-1	-1	-1	8	57	13	-1	-1	1	2
2466	-1	-1	-1	-1	-1	8	57	14	-1	-1	1	3
2467	-1	-1	-1	-1	-1	8	57	15	-1	-1	1	2
2468	32157	80	8	55	57	8	57	17	1	4	1	2
2469	32164	75	8	56	4	8	57	19	1	3	1	2
2470	-1	-1	-1	-1	-1	8	57	20	-1	-1	1	2
2471	32178	64	8	56	18	8	57	22	1	4	1	2
2472	-1	-1	-1	-1	-1	8	57	24	-1	-1	1	2
2473	32176	70	8	56	16	8	57	26	1	3	1	2
2474	32159	87	8	55	59	8	57	26	1	4	1	1
2475	32182	67	8	56	22	8	57	29	1	3	1	2
2476	32160	90	8	56	0	8	57	30	1	4	1	1
2477	32172	81	8	56	12	8	57	33	1	3	1	1
2478	32148	106	8	55	48	8	57	34	1	4	1	2
2479	-1	-1	-1	-1	-1	8	57	36	-1	-1	1	3
2480	-1	-1	-1	-1	-1	8	57	37	-1	-1	1	2
2481	-1	-1	-1	-1	-1	8	57	49	-1	-1	1	2
2482	-1	-1	-1	-1	-1	8	58	0	-1	-1	1	3
2483	-1	-1	-1	-1	-1	8	58	8	-1	-1	1	1
2484	-1	-1	-1	-1	-1	8	58	50	-1	-1	1	3
2485	-1	-1	-1	-1	-1	8	58	53	-1	-1	1	3
2486	-1	-1	-1	-1	-1	8	58	53	-1	-1	1	2
2487	-1	-1	-1	-1	-1	8	58	54	-1	-1	1	1
2488	-1	-1	-1	-1	-1	8	58	55	-1	-1	1	3
2489	-1	-1	-1	-1	-1	8	58	57	-1	-1	1	2
2490	-1	-1	-1	-1	-1	8	58	58	-1	-1	1	3
2491	32270	69	8	57	50	8	58	59	1	4	1	3
2492	32261	78	8	57	41	8	58	59	1	2	1	2
2493	-1	-1	-1	-1	-1	8	58	59	-1	-1	1	1
2494	32274	67	8	57	54	8	59	1	1	4	1	3
2495	32262	80	8	57	42	8	59	2	1	4	1	2
2496	32270	72	8	57	50	8	59	2	1	3	1	1
2497	-1	-1	-1	-1	-1	8	59	4	-1	-1	1	3
2498	-1	-1	-1	-1	-1	8	59	6	-1	-1	1	2
2499	-1	-1	-1	-1	-1	8	59	8	-1	-1	1	2
2500	-1	-1	-1	-1	-1	8	59	9	-1	-1	1	2
2501	-1	-1	-1	-1	-1	8	59	11	-1	-1	1	2
2502	32279	73	8	57	59	8	59	12	1	4	1	3
2503	32281	72	8	58	1	8	59	13	1	3	1	2
2504	32285	69	8	58	5	8	59	14	1	4	1	3
2505	32279	75	8	57	59	8	59	14	1	3	1	2
2506	32283	73	8	58	3	8	59	16	1	4	1	2
2507	32288	69	8	58	8	8	59	17	1	4	1	3
2508	-1	-1	-1	-1	-1	8	59	18	-1	-1	1	2
2509	-1	-1	-1	-1	-1	8	59	20	-1	-1	1	2
2510	-1	-1	-1	-1	-1	8	59	23	-1	-1	1	2
2511	32287	78	8	58	7	8	59	25	1	3	1	2
2512	-1	-1	-1	-1	-1	8	59	26	-1	-1	1	2
2513	32299	69	8	58	19	8	59	28	1	4	1	3
2514	32233	135	8	57	13	8	59	28	4	3	1	1
2515	32289	79	8	58	9	8	59	28	1	3	1	2
2516	32291	79	8	58	11	8	59	30	1	3	1	2
2517	-1	-1	-1	-1	-1	8	59	30	-1	-1	1	3
2518	-1	-1	-1	-1	-1	8	59	32	-1	-1	1	2
2519	-1	-1	-1	-1	-1	8	59	35	-1	-1	1	2
2520	-1	-1	-1	-1	-1	8	59	40	-1	-1	1	1
2521	-1	-1	-1	-1	-1	8	59	53	-1	-1	1	2
